0.506 0.484 0.3 0.0
0.516 0.494 0.3 0.0
0.526 0.503 0.3 0.0
0.536 0.513 0.3 0.0
0.546 0.522 0.3 0.0
0.556 0.532 0.3 0.0
0.566 0.541 0.3 0.0
0.576 0.551 0.3 0.0
0.586 0.560 0.3 0.0
0.596 0.569 0.3 0.0
0.606 0.579 0.3 0.0
0.616 0.588 0.3 0.0
0.626 0.597 0.3 0.0
0.636 0.606 0.3 0.0
0.646 0.616 0.3 0.0
0.656 0.625 0.3 0.0
0.665 0.634 0.3 0.0
0.675 0.643 0.3 0.0
0.685 0.652 0.3 0.0
0.695 0.661 0.3 0.0
0.705 0.670 0.3 0.0
0.715 0.679 0.3 0.0
0.725 0.687 0.3 0.0
0.735 0.696 0.3 0.0
0.745 0.705 0.3 0.0
0.755 0.713 0.3 0.0
0.765 0.721 0.3 0.0
0.775 0.730 0.3 0.0
0.784 0.738 0.3 0.0
0.794 0.746 0.3 0.0
0.804 0.754 0.0 0.3
0.803 0.757 0.3 0.0
0.813 0.765 0.3 0.0
0.822 0.772 0.0 0.3
0.821 0.775 0.3 0.0
0.831 0.783 0.3 0.0
0.841 0.791 0.0 0.3
0.839 0.793 0.3 0.0
0.849 0.801 0.3 0.0
0.859 0.808 0.0 0.3
0.858 0.811 0.3 0.0
0.868 0.819 0.3 0.0
0.878 0.826 0.0 0.3
0.876 0.829 0.3 0.0
0.886 0.836 0.0 0.3
0.884 0.839 0.3 0.0
0.894 0.846 0.3 0.0
0.544 0.557 0.3 0.0
0.554 0.567 0.3 0.0
0.564 0.577 0.3 0.0
0.573 0.587 0.3 0.0
0.583 0.597 0.3 0.0
0.593 0.607 0.3 0.0
0.602 0.617 0.3 0.0
0.612 0.627 0.3 0.0
0.622 0.637 0.3 0.0
0.631 0.647 0.3 0.0
0.641 0.657 0.3 0.0
0.650 0.667 0.3 0.0
0.660 0.677 0.3 0.0
0.669 0.687 0.3 0.0
0.679 0.697 0.3 0.0
0.688 0.707 0.3 0.0
0.698 0.717 0.3 0.0
0.707 0.727 0.3 0.0
0.716 0.737 0.3 0.0
0.725 0.747 0.3 0.0
0.735 0.757 0.3 0.0
0.744 0.767 0.3 0.0
0.753 0.777 0.3 0.0
0.762 0.787 0.3 0.0
0.771 0.797 0.3 0.0
0.780 0.807 0.3 0.0
0.788 0.817 0.3 0.0
0.797 0.827 0.3 0.0
0.805 0.837 0.3 0.0
0.814 0.846 0.3 0.0
0.822 0.856 0.3 0.0
0.830 0.866 0.3 0.0
0.837 0.876 0.3 0.0
0.845 0.886 0.3 0.0
0.852 0.896 0.3 0.0
0.469 0.472 0.3 0.0
0.479 0.482 0.3 0.0
0.489 0.492 0.3 0.0
0.499 0.502 0.3 0.0
0.509 0.512 0.3 0.0
0.519 0.522 0.3 0.0
0.529 0.532 0.3 0.0
0.539 0.542 0.3 0.0
0.549 0.552 0.3 0.0
0.558 0.562 0.3 0.0
0.568 0.572 0.3 0.0
0.578 0.582 0.3 0.0
0.588 0.592 0.3 0.0
0.598 0.602 0.3 0.0
0.608 0.612 0.3 0.0
0.617 0.622 0.3 0.0
0.627 0.632 0.3 0.0
0.637 0.642 0.3 0.0
0.647 0.651 0.3 0.0
0.657 0.661 0.3 0.0
0.666 0.671 0.3 0.0
0.676 0.681 0.3 0.0
0.686 0.691 0.3 0.0
0.696 0.701 0.3 0.0
0.705 0.711 0.3 0.0
0.715 0.721 0.3 0.0
0.725 0.731 0.3 0.0
0.734 0.740 0.3 0.0
0.744 0.750 0.3 0.0
0.754 0.760 0.3 0.0
0.763 0.770 0.3 0.0
0.773 0.780 0.3 0.0
0.782 0.790 0.3 0.0
0.791 0.799 0.3 0.0
0.801 0.809 0.3 0.0
0.810 0.819 0.3 0.0
0.819 0.828 0.3 0.0
0.828 0.838 0.3 0.0
0.837 0.848 0.3 0.0
0.846 0.857 0.3 0.0
0.855 0.867 0.3 0.0
0.864 0.876 0.3 0.0
0.314 0.319 0.3 0.0
0.324 0.329 0.3 0.0
0.334 0.339 0.3 0.0
0.344 0.349 0.3 0.0
0.354 0.359 0.3 0.0
0.364 0.369 0.3 0.0
0.374 0.379 0.3 0.0
0.384 0.389 0.3 0.0
0.394 0.399 0.3 0.0
0.404 0.409 0.3 0.0
0.414 0.419 0.3 0.0
0.423 0.429 0.3 0.0
0.433 0.439 0.3 0.0
0.443 0.449 0.3 0.0
0.453 0.459 0.3 0.0
0.463 0.469 0.3 0.0
0.473 0.479 0.3 0.0
0.483 0.489 0.3 0.0
0.493 0.499 0.3 0.0
0.502 0.508 0.3 0.0
0.512 0.518 0.3 0.0
0.522 0.528 0.3 0.0
0.532 0.538 0.3 0.0
0.542 0.548 0.3 0.0
0.552 0.558 0.3 0.0
0.561 0.568 0.3 0.0
0.571 0.578 0.3 0.0
0.581 0.588 0.3 0.0
0.591 0.598 0.3 0.0
0.601 0.608 0.3 0.0
0.610 0.618 0.3 0.0
0.620 0.628 0.3 0.0
0.630 0.638 0.3 0.0
0.640 0.648 0.3 0.0
0.649 0.658 0.3 0.0
0.659 0.668 0.3 0.0
0.669 0.678 0.3 0.0
0.678 0.688 0.3 0.0
0.688 0.698 0.3 0.0
0.698 0.708 0.3 0.0
0.707 0.718 0.3 0.0
0.717 0.728 0.3 0.0
0.726 0.738 0.3 0.0
0.736 0.747 0.3 0.0
0.745 0.757 0.3 0.0
0.755 0.767 0.3 0.0
0.764 0.777 0.3 0.0
0.773 0.787 0.3 0.0
0.783 0.797 0.3 0.0
0.792 0.807 0.3 0.0
0.801 0.817 0.3 0.0
0.810 0.826 0.3 0.0
0.819 0.836 0.3 0.0
0.828 0.846 0.3 0.0
0.836 0.856 0.3 0.0
0.845 0.866 0.3 0.0
0.853 0.875 0.3 0.0
0.861 0.885 0.3 0.0
0.483 0.381 0.0 0.3
0.484 0.384 0.0 0.3
0.485 0.387 0.0 0.3
0.486 0.390 0.0 0.3
0.487 0.392 0.0 0.3
0.487 0.395 0.0 0.3
0.488 0.398 0.0 0.3
0.488 0.401 0.0 0.3
0.488 0.404 0.0 0.3
0.488 0.407 0.0 0.3
0.488 0.410 0.0 0.3
0.488 0.412 0.0 0.3
0.488 0.415 0.0 0.3
0.488 0.418 0.0 0.3
0.488 0.421 0.0 0.3
0.487 0.424 0.0 0.3
0.487 0.426 0.0 0.3
0.486 0.429 0.0 0.3
0.485 0.432 0.0 0.3
0.484 0.434 0.3 0.0
0.494 0.443 0.0 0.3
0.493 0.446 0.3 0.0
0.502 0.454 0.3 0.0
0.512 0.463 0.3 0.0
0.521 0.472 0.3 0.0
0.531 0.480 0.0 0.3
0.530 0.483 0.3 0.0
0.539 0.491 0.3 0.0
0.549 0.500 0.3 0.0
0.558 0.509 0.3 0.0
0.568 0.517 0.0 0.3
0.567 0.520 0.3 0.0
0.576 0.528 0.3 0.0
0.586 0.537 0.3 0.0
0.595 0.545 0.0 0.3
0.594 0.548 0.3 0.0
0.604 0.557 0.3 0.0
0.614 0.565 0.3 0.0
0.623 0.574 0.3 0.0
0.633 0.582 0.0 0.3
0.632 0.585 0.3 0.0
0.641 0.593 0.3 0.0
0.651 0.602 0.3 0.0
0.660 0.610 0.0 0.3
0.659 0.613 0.3 0.0
0.669 0.621 0.3 0.0
0.679 0.629 0.3 0.0
0.688 0.638 0.0 0.3
0.687 0.640 0.3 0.0
0.697 0.649 0.3 0.0
0.707 0.657 0.3 0.0
0.716 0.665 0.0 0.3
0.715 0.668 0.3 0.0
0.725 0.676 0.3 0.0
0.734 0.685 0.3 0.0
0.744 0.693 0.0 0.3
0.743 0.695 0.3 0.0
0.753 0.704 0.3 0.0
0.762 0.712 0.0 0.3
0.761 0.714 0.3 0.0
0.771 0.723 0.3 0.0
0.781 0.731 0.0 0.3
0.780 0.733 0.3 0.0
0.789 0.741 0.3 0.0
0.799 0.749 0.3 0.0
0.809 0.757 0.0 0.3
0.808 0.760 0.3 0.0
0.818 0.768 0.3 0.0
0.827 0.775 0.0 0.3
0.826 0.778 0.3 0.0
0.836 0.786 0.0 0.3
0.834 0.789 0.3 0.0
0.844 0.796 0.3 0.0
0.854 0.804 0.0 0.3
0.853 0.807 0.3 0.0
0.863 0.814 0.3 0.0
0.873 0.821 0.0 0.3
0.871 0.824 0.3 0.0
0.881 0.831 0.3 0.0
0.891 0.838 0.0 0.3
0.889 0.841 0.3 0.0
0.899 0.848 0.0 0.3
0.897 0.851 0.3 0.0
0.225 0.313 0.0 -0.3
0.228 0.313 0.0 -0.3
0.231 0.313 0.0 -0.3
0.233 0.314 0.0 -0.3
0.236 0.314 0.0 -0.3
0.239 0.314 0.0 -0.3
0.242 0.314 0.0 -0.3
0.245 0.313 0.0 -0.3
0.247 0.313 0.0 -0.3
0.250 0.313 0.0 -0.3
0.253 0.312 0.0 -0.3
0.256 0.311 0.0 -0.3
0.258 0.311 0.0 -0.3
0.261 0.310 0.3 0.0
0.270 0.319 0.3 0.0
0.278 0.329 0.0 -0.3
0.281 0.328 0.3 0.0
0.290 0.337 0.3 0.0
0.299 0.347 0.3 0.0
0.307 0.356 0.3 0.0
0.316 0.365 0.3 0.0
0.325 0.375 0.3 0.0
0.333 0.384 0.0 -0.3
0.336 0.383 0.3 0.0
0.345 0.393 0.3 0.0
0.354 0.402 0.3 0.0
0.362 0.411 0.3 0.0
0.371 0.421 0.3 0.0
0.380 0.430 0.0 -0.3
0.382 0.429 0.3 0.0
0.391 0.439 0.3 0.0
0.400 0.448 0.3 0.0
0.408 0.458 0.3 0.0
0.417 0.467 0.0 -0.3
0.420 0.466 0.3 0.0
0.428 0.476 0.3 0.0
0.437 0.485 0.3 0.0
0.446 0.495 0.3 0.0
0.454 0.504 0.3 0.0
0.463 0.514 0.0 -0.3
0.465 0.513 0.3 0.0
0.474 0.522 0.3 0.0
0.483 0.532 0.3 0.0
0.491 0.541 0.3 0.0
0.500 0.551 0.0 -0.3
0.502 0.550 0.3 0.0
0.511 0.559 0.3 0.0
0.520 0.569 0.3 0.0
0.528 0.578 0.0 -0.3
0.531 0.577 0.3 0.0
0.539 0.587 0.3 0.0
0.548 0.596 0.3 0.0
0.556 0.606 0.3 0.0
0.565 0.615 0.0 -0.3
0.568 0.614 0.3 0.0
0.576 0.624 0.3 0.0
0.585 0.634 0.3 0.0
0.593 0.643 0.0 -0.3
0.596 0.642 0.3 0.0
0.604 0.652 0.3 0.0
0.613 0.661 0.3 0.0
0.621 0.671 0.3 0.0
0.629 0.680 0.0 -0.3
0.632 0.679 0.3 0.0
0.640 0.689 0.3 0.0
0.649 0.699 0.0 -0.3
0.651 0.698 0.3 0.0
0.660 0.707 0.3 0.0
0.668 0.717 0.3 0.0
0.676 0.727 0.0 -0.3
0.679 0.726 0.3 0.0
0.687 0.735 0.3 0.0
0.695 0.745 0.3 0.0
0.704 0.755 0.0 -0.3
0.706 0.753 0.3 0.0
0.714 0.763 0.3 0.0
0.722 0.773 0.0 -0.3
0.725 0.772 0.3 0.0
0.733 0.782 0.3 0.0
0.741 0.791 0.0 -0.3
0.744 0.790 0.3 0.0
0.752 0.800 0.3 0.0
0.760 0.810 0.3 0.0
0.768 0.820 0.0 -0.3
0.770 0.818 0.3 0.0
0.778 0.828 0.0 -0.3
0.781 0.827 0.3 0.0
0.789 0.837 0.3 0.0
0.796 0.847 0.0 -0.3
0.799 0.845 0.3 0.0
0.807 0.855 0.3 0.0
0.814 0.865 0.0 -0.3
0.817 0.863 0.3 0.0
0.824 0.873 0.3 0.0
0.831 0.883 0.0 -0.3
0.834 0.882 0.3 0.0
0.841 0.892 0.0 -0.3
0.844 0.890 0.3 0.0
0.479 0.409 0.0 0.3
0.478 0.412 0.0 0.3
0.478 0.415 0.0 0.3
0.477 0.418 0.0 0.3
0.477 0.420 0.0 0.3
0.476 0.423 0.0 0.3
0.475 0.426 0.3 0.0
0.484 0.434 0.3 0.0
0.494 0.443 0.0 0.3
0.493 0.446 0.3 0.0
0.502 0.454 0.3 0.0
0.512 0.463 0.3 0.0
0.521 0.472 0.3 0.0
0.531 0.480 0.0 0.3
0.530 0.483 0.3 0.0
0.539 0.491 0.3 0.0
0.549 0.500 0.3 0.0
0.558 0.509 0.3 0.0
0.568 0.517 0.0 0.3
0.567 0.520 0.3 0.0
0.576 0.528 0.3 0.0
0.586 0.537 0.3 0.0
0.595 0.545 0.3 0.0
0.605 0.554 0.0 0.3
0.604 0.557 0.3 0.0
0.613 0.565 0.3 0.0
0.623 0.574 0.3 0.0
0.633 0.582 0.0 0.3
0.632 0.585 0.3 0.0
0.641 0.593 0.3 0.0
0.651 0.602 0.3 0.0
0.660 0.610 0.0 0.3
0.659 0.613 0.3 0.0
0.669 0.621 0.3 0.0
0.679 0.629 0.3 0.0
0.688 0.638 0.0 0.3
0.687 0.640 0.3 0.0
0.697 0.649 0.3 0.0
0.706 0.657 0.3 0.0
0.716 0.665 0.0 0.3
0.715 0.668 0.3 0.0
0.725 0.676 0.3 0.0
0.734 0.685 0.3 0.0
0.744 0.693 0.0 0.3
0.743 0.695 0.3 0.0
0.753 0.704 0.3 0.0
0.762 0.712 0.0 0.3
0.761 0.714 0.3 0.0
0.771 0.723 0.3 0.0
0.781 0.731 0.0 0.3
0.779 0.733 0.3 0.0
0.789 0.741 0.3 0.0
0.799 0.749 0.3 0.0
0.809 0.757 0.0 0.3
0.808 0.760 0.3 0.0
0.817 0.768 0.3 0.0
0.827 0.775 0.0 0.3
0.826 0.778 0.3 0.0
0.836 0.786 0.3 0.0
0.846 0.793 0.0 0.3
0.844 0.796 0.3 0.0
0.854 0.804 0.0 0.3
0.853 0.807 0.3 0.0
0.863 0.814 0.3 0.0
0.873 0.821 0.0 0.3
0.871 0.824 0.3 0.0
0.881 0.831 0.3 0.0
0.891 0.838 0.0 0.3
0.889 0.841 0.3 0.0
0.899 0.848 0.0 0.3
0.897 0.851 0.3 0.0
0.237 0.296 0.0 -0.3
0.240 0.295 0.0 -0.3
0.243 0.295 0.0 -0.3
0.245 0.294 0.3 0.0
0.254 0.303 0.3 0.0
0.263 0.312 0.3 0.0
0.272 0.322 0.0 -0.3
0.274 0.321 0.3 0.0
0.283 0.330 0.3 0.0
0.292 0.340 0.3 0.0
0.301 0.349 0.3 0.0
0.309 0.359 0.3 0.0
0.318 0.368 0.3 0.0
0.327 0.377 0.0 -0.3
0.329 0.376 0.3 0.0
0.338 0.386 0.3 0.0
0.347 0.395 0.3 0.0
0.356 0.405 0.3 0.0
0.364 0.414 0.3 0.0
0.373 0.423 0.0 -0.3
0.375 0.423 0.3 0.0
0.384 0.432 0.3 0.0
0.393 0.441 0.3 0.0
0.402 0.451 0.3 0.0
0.410 0.460 0.0 -0.3
0.413 0.459 0.3 0.0
0.422 0.469 0.3 0.0
0.430 0.478 0.3 0.0
0.439 0.488 0.3 0.0
0.447 0.497 0.3 0.0
0.456 0.507 0.0 -0.3
0.459 0.506 0.3 0.0
0.467 0.515 0.3 0.0
0.476 0.525 0.3 0.0
0.485 0.534 0.3 0.0
0.493 0.544 0.0 -0.3
0.496 0.543 0.3 0.0
0.504 0.552 0.3 0.0
0.513 0.562 0.3 0.0
0.521 0.571 0.3 0.0
0.530 0.581 0.0 -0.3
0.533 0.580 0.3 0.0
0.541 0.589 0.3 0.0
0.550 0.599 0.3 0.0
0.558 0.608 0.0 -0.3
0.561 0.607 0.3 0.0
0.569 0.617 0.3 0.0
0.578 0.627 0.3 0.0
0.586 0.636 0.3 0.0
0.595 0.646 0.0 -0.3
0.597 0.645 0.3 0.0
0.606 0.654 0.3 0.0
0.614 0.664 0.3 0.0
0.623 0.673 0.0 -0.3
0.625 0.672 0.3 0.0
0.634 0.682 0.3 0.0
0.642 0.692 0.3 0.0
0.650 0.701 0.0 -0.3
0.653 0.700 0.3 0.0
0.661 0.710 0.3 0.0
0.670 0.720 0.0 -0.3
0.672 0.718 0.3 0.0
0.681 0.728 0.3 0.0
0.689 0.738 0.3 0.0
0.697 0.748 0.0 -0.3
0.700 0.746 0.3 0.0
0.708 0.756 0.3 0.0
0.716 0.766 0.3 0.0
0.724 0.776 0.0 -0.3
0.727 0.774 0.3 0.0
0.735 0.784 0.3 0.0
0.743 0.794 0.0 -0.3
0.745 0.793 0.3 0.0
0.753 0.803 0.3 0.0
0.761 0.812 0.0 -0.3
0.764 0.811 0.3 0.0
0.772 0.821 0.3 0.0
0.779 0.831 0.0 -0.3
0.782 0.829 0.3 0.0
0.790 0.839 0.3 0.0
0.797 0.849 0.0 -0.3
0.800 0.848 0.3 0.0
0.808 0.858 0.0 -0.3
0.810 0.856 0.3 0.0
0.818 0.866 0.3 0.0
0.825 0.876 0.0 -0.3
0.828 0.874 0.3 0.0
0.835 0.884 0.3 0.0
0.842 0.894 0.0 -0.3
0.845 0.893 0.3 0.0
0.446 0.383 0.0 0.3
0.446 0.386 0.0 0.3
0.445 0.388 0.0 0.3
0.444 0.391 0.0 0.3
0.443 0.394 0.3 0.0
0.453 0.402 0.0 0.3
0.452 0.405 0.3 0.0
0.461 0.414 0.3 0.0
0.471 0.422 0.3 0.0
0.480 0.431 0.3 0.0
0.490 0.440 0.0 0.3
0.489 0.442 0.3 0.0
0.498 0.451 0.3 0.0
0.508 0.460 0.3 0.0
0.517 0.468 0.3 0.0
0.527 0.477 0.3 0.0
0.536 0.485 0.0 0.3
0.535 0.488 0.3 0.0
0.545 0.497 0.3 0.0
0.554 0.505 0.3 0.0
0.564 0.514 0.0 0.3
0.563 0.516 0.3 0.0
0.572 0.525 0.3 0.0
0.582 0.534 0.3 0.0
0.591 0.542 0.3 0.0
0.601 0.551 0.0 0.3
0.600 0.553 0.3 0.0
0.610 0.562 0.3 0.0
0.619 0.570 0.3 0.0
0.629 0.579 0.3 0.0
0.638 0.587 0.0 0.3
0.637 0.590 0.3 0.0
0.647 0.598 0.3 0.0
0.656 0.607 0.3 0.0
0.666 0.615 0.0 0.3
0.665 0.618 0.3 0.0
0.675 0.626 0.3 0.0
0.684 0.635 0.3 0.0
0.694 0.643 0.0 0.3
0.693 0.645 0.3 0.0
0.702 0.654 0.3 0.0
0.712 0.662 0.3 0.0
0.722 0.670 0.0 0.3
0.721 0.673 0.3 0.0
0.730 0.681 0.3 0.0
0.740 0.689 0.0 0.3
0.739 0.692 0.3 0.0
0.749 0.700 0.3 0.0
0.758 0.709 0.3 0.0
0.768 0.717 0.0 0.3
0.767 0.719 0.3 0.0
0.777 0.727 0.3 0.0
0.786 0.735 0.0 0.3
0.785 0.738 0.3 0.0
0.795 0.746 0.3 0.0
0.805 0.754 0.0 0.3
0.803 0.757 0.3 0.0
0.813 0.765 0.3 0.0
0.823 0.772 0.0 0.3
0.822 0.775 0.3 0.0
0.832 0.783 0.3 0.0
0.842 0.791 0.0 0.3
0.840 0.793 0.3 0.0
0.850 0.801 0.3 0.0
0.860 0.808 0.0 0.3
0.858 0.811 0.3 0.0
0.868 0.818 0.3 0.0
0.878 0.826 0.0 0.3
0.877 0.828 0.3 0.0
0.887 0.835 0.0 0.3
0.885 0.838 0.3 0.0
0.895 0.845 0.3 0.0
0.326 0.306 0.3 0.0
0.336 0.316 0.3 0.0
0.346 0.325 0.3 0.0
0.356 0.335 0.3 0.0
0.366 0.345 0.3 0.0
0.376 0.354 0.3 0.0
0.386 0.364 0.3 0.0
0.396 0.374 0.3 0.0
0.406 0.383 0.3 0.0
0.416 0.393 0.3 0.0
0.426 0.402 0.3 0.0
0.436 0.412 0.3 0.0
0.446 0.421 0.3 0.0
0.456 0.431 0.3 0.0
0.465 0.440 0.3 0.0
0.475 0.450 0.3 0.0
0.485 0.459 0.3 0.0
0.495 0.469 0.3 0.0
0.505 0.478 0.3 0.0
0.515 0.488 0.3 0.0
0.525 0.497 0.3 0.0
0.535 0.506 0.3 0.0
0.545 0.516 0.3 0.0
0.555 0.525 0.3 0.0
0.565 0.534 0.3 0.0
0.575 0.543 0.3 0.0
0.585 0.553 0.3 0.0
0.594 0.562 0.3 0.0
0.604 0.571 0.3 0.0
0.614 0.580 0.3 0.0
0.624 0.589 0.3 0.0
0.634 0.598 0.3 0.0
0.644 0.607 0.3 0.0
0.654 0.616 0.3 0.0
0.663 0.625 0.3 0.0
0.673 0.634 0.3 0.0
0.683 0.642 0.3 0.0
0.693 0.651 0.3 0.0
0.703 0.660 0.3 0.0
0.713 0.668 0.3 0.0
0.722 0.677 0.3 0.0
0.732 0.685 0.3 0.0
0.742 0.693 0.3 0.0
0.752 0.701 0.0 0.3
0.750 0.704 0.3 0.0
0.760 0.712 0.3 0.0
0.770 0.720 0.3 0.0
0.780 0.728 0.0 0.3
0.778 0.731 0.3 0.0
0.788 0.739 0.3 0.0
0.798 0.747 0.0 0.3
0.797 0.750 0.3 0.0
0.807 0.758 0.3 0.0
0.816 0.766 0.0 0.3
0.815 0.768 0.3 0.0
0.825 0.776 0.3 0.0
0.835 0.784 0.0 0.3
0.833 0.787 0.3 0.0
0.843 0.794 0.3 0.0
0.853 0.802 0.0 0.3
0.852 0.804 0.3 0.0
0.862 0.812 0.3 0.0
0.872 0.819 0.0 0.3
0.870 0.822 0.3 0.0
0.880 0.829 0.0 0.3
0.878 0.832 0.3 0.0
0.888 0.839 0.3 0.0
0.898 0.846 0.0 0.3
0.897 0.849 0.3 0.0
0.000 0.071 0.0 -0.3
0.000 0.072 0.0 -0.3
0.000 0.073 0.0 -0.3
0.000 0.074 0.0 -0.3
0.000 0.074 0.0 -0.3
0.000 0.075 0.0 -0.3
0.000 0.076 0.0 -0.3
0.000 0.076 0.0 -0.3
0.000 0.076 0.0 -0.3
0.000 0.077 0.0 -0.3
0.000 0.077 0.0 -0.3
0.000 0.077 0.0 -0.3
0.003 0.077 0.0 -0.3
0.006 0.077 0.0 -0.3
0.009 0.077 0.0 -0.3
0.011 0.076 0.0 -0.3
0.014 0.076 0.0 -0.3
0.017 0.075 0.0 -0.3
0.020 0.075 0.0 -0.3
0.022 0.074 0.0 -0.3
0.025 0.073 0.3 0.0
0.034 0.083 0.3 0.0
0.042 0.092 0.3 0.0
0.051 0.101 0.0 -0.3
0.054 0.100 0.3 0.0
0.063 0.110 0.3 0.0
0.072 0.119 0.3 0.0
0.080 0.129 0.3 0.0
0.089 0.138 0.3 0.0
0.098 0.147 0.3 0.0
0.107 0.157 0.3 0.0
0.116 0.166 0.0 -0.3
0.118 0.165 0.3 0.0
0.127 0.174 0.3 0.0
0.136 0.184 0.3 0.0
0.145 0.193 0.3 0.0
0.154 0.202 0.3 0.0
0.163 0.212 0.3 0.0
0.171 0.221 0.3 0.0
0.180 0.230 0.0 -0.3
0.183 0.230 0.3 0.0
0.191 0.239 0.3 0.0
0.200 0.248 0.3 0.0
0.209 0.258 0.3 0.0
0.218 0.267 0.3 0.0
0.227 0.276 0.3 0.0
0.235 0.286 0.0 -0.3
0.238 0.285 0.3 0.0
0.247 0.294 0.3 0.0
0.256 0.304 0.3 0.0
0.264 0.313 0.3 0.0
0.273 0.322 0.3 0.0
0.282 0.332 0.0 -0.3
0.284 0.331 0.3 0.0
0.293 0.340 0.3 0.0
0.302 0.350 0.3 0.0
0.311 0.359 0.3 0.0
0.320 0.369 0.3 0.0
0.328 0.378 0.3 0.0
0.337 0.387 0.0 -0.3
0.339 0.386 0.3 0.0
0.348 0.396 0.3 0.0
0.357 0.405 0.3 0.0
0.366 0.415 0.3 0.0
0.374 0.424 0.3 0.0
0.383 0.434 0.0 -0.3
0.386 0.433 0.3 0.0
0.394 0.442 0.3 0.0
0.403 0.452 0.3 0.0
0.412 0.461 0.3 0.0
0.420 0.470 0.0 -0.3
0.423 0.470 0.3 0.0
0.432 0.479 0.3 0.0
0.440 0.489 0.3 0.0
0.449 0.498 0.3 0.0
0.458 0.507 0.3 0.0
0.466 0.517 0.0 -0.3
0.469 0.516 0.3 0.0
0.477 0.525 0.3 0.0
0.486 0.535 0.3 0.0
0.495 0.544 0.3 0.0
0.503 0.554 0.0 -0.3
0.506 0.553 0.3 0.0
0.514 0.562 0.3 0.0
0.523 0.572 0.3 0.0
0.532 0.581 0.3 0.0
0.540 0.591 0.0 -0.3
0.543 0.590 0.3 0.0
0.551 0.600 0.3 0.0
0.560 0.609 0.3 0.0
0.568 0.619 0.0 -0.3
0.571 0.618 0.3 0.0
0.579 0.627 0.3 0.0
0.588 0.637 0.3 0.0
0.596 0.646 0.0 -0.3
0.599 0.645 0.3 0.0
0.607 0.655 0.3 0.0
0.616 0.665 0.3 0.0
0.624 0.674 0.3 0.0
0.632 0.684 0.0 -0.3
0.635 0.683 0.3 0.0
0.644 0.692 0.3 0.0
0.652 0.702 0.0 -0.3
0.655 0.701 0.3 0.0
0.663 0.711 0.3 0.0
0.671 0.720 0.3 0.0
0.679 0.730 0.0 -0.3
0.682 0.729 0.3 0.0
0.690 0.739 0.3 0.0
0.699 0.748 0.3 0.0
0.707 0.758 0.0 -0.3
0.709 0.757 0.3 0.0
0.717 0.767 0.3 0.0
0.725 0.776 0.0 -0.3
0.728 0.775 0.3 0.0
0.736 0.785 0.3 0.0
0.744 0.795 0.0 -0.3
0.747 0.793 0.3 0.0
0.755 0.803 0.3 0.0
0.763 0.813 0.0 -0.3
0.766 0.812 0.3 0.0
0.773 0.822 0.3 0.0
0.781 0.832 0.0 -0.3
0.784 0.830 0.3 0.0
0.792 0.840 0.3 0.0
0.799 0.850 0.0 -0.3
0.802 0.848 0.3 0.0
0.810 0.858 0.3 0.0
0.817 0.868 0.0 -0.3
0.820 0.867 0.3 0.0
0.827 0.877 0.3 0.0
0.834 0.887 0.0 -0.3
0.837 0.885 0.3 0.0
0.844 0.895 0.0 -0.3
0.846 0.893 0.3 0.0
0.225 0.341 0.0 -0.3
0.227 0.343 0.0 -0.3
0.229 0.345 0.0 -0.3
0.232 0.347 0.0 -0.3
0.234 0.349 0.0 -0.3
0.237 0.351 0.0 -0.3
0.240 0.352 0.0 -0.3
0.242 0.354 0.0 -0.3
0.245 0.356 0.0 -0.3
0.248 0.357 0.0 -0.3
0.250 0.359 0.0 -0.3
0.253 0.360 0.0 -0.3
0.256 0.361 0.0 -0.3
0.258 0.362 0.0 -0.3
0.261 0.363 0.0 -0.3
0.264 0.364 0.0 -0.3
0.267 0.365 0.0 -0.3
0.270 0.366 0.0 -0.3
0.273 0.367 0.0 -0.3
0.275 0.367 0.0 -0.3
0.278 0.368 0.0 -0.3
0.281 0.368 0.0 -0.3
0.284 0.368 0.0 -0.3
0.287 0.368 0.0 -0.3
0.290 0.369 0.0 -0.3
0.292 0.369 0.0 -0.3
0.295 0.368 0.0 -0.3
0.298 0.368 0.0 -0.3
0.301 0.368 0.0 -0.3
0.304 0.368 0.0 -0.3
0.306 0.367 0.0 -0.3
0.309 0.366 0.0 -0.3
0.312 0.366 0.0 -0.3
0.314 0.365 0.0 -0.3
0.317 0.364 0.3 0.0
0.326 0.374 0.3 0.0
0.335 0.383 0.3 0.0
0.343 0.392 0.3 0.0
0.352 0.402 0.3 0.0
0.361 0.411 0.0 -0.3
0.363 0.410 0.3 0.0
0.372 0.420 0.3 0.0
0.381 0.429 0.3 0.0
0.389 0.439 0.3 0.0
0.398 0.448 0.0 -0.3
0.401 0.447 0.3 0.0
0.409 0.457 0.3 0.0
0.418 0.466 0.3 0.0
0.427 0.476 0.3 0.0
0.435 0.485 0.3 0.0
0.444 0.494 0.0 -0.3
0.447 0.493 0.3 0.0
0.455 0.503 0.3 0.0
0.464 0.513 0.3 0.0
0.473 0.522 0.3 0.0
0.481 0.531 0.0 -0.3
0.484 0.530 0.3 0.0
0.492 0.540 0.3 0.0
0.501 0.550 0.3 0.0
0.510 0.559 0.3 0.0
0.518 0.569 0.0 -0.3
0.521 0.568 0.3 0.0
0.529 0.577 0.3 0.0
0.538 0.587 0.3 0.0
0.547 0.596 0.3 0.0
0.555 0.606 0.0 -0.3
0.558 0.605 0.3 0.0
0.566 0.614 0.3 0.0
0.575 0.624 0.3 0.0
0.583 0.633 0.0 -0.3
0.586 0.632 0.3 0.0
0.594 0.642 0.3 0.0
0.603 0.652 0.3 0.0
0.611 0.661 0.0 -0.3
0.614 0.660 0.3 0.0
0.622 0.670 0.3 0.0
0.631 0.679 0.3 0.0
0.639 0.689 0.0 -0.3
0.642 0.688 0.3 0.0
0.650 0.698 0.3 0.0
0.658 0.707 0.3 0.0
0.667 0.717 0.0 -0.3
0.669 0.716 0.3 0.0
0.678 0.726 0.3 0.0
0.686 0.735 0.3 0.0
0.694 0.745 0.0 -0.3
0.697 0.744 0.3 0.0
0.705 0.754 0.3 0.0
0.713 0.763 0.0 -0.3
0.716 0.762 0.3 0.0
0.724 0.772 0.3 0.0
0.732 0.782 0.3 0.0
0.740 0.791 0.0 -0.3
0.743 0.790 0.3 0.0
0.751 0.800 0.3 0.0
0.758 0.810 0.0 -0.3
0.761 0.808 0.3 0.0
0.769 0.818 0.3 0.0
0.777 0.828 0.0 -0.3
0.780 0.827 0.3 0.0
0.787 0.837 0.3 0.0
0.795 0.847 0.0 -0.3
0.798 0.845 0.3 0.0
0.805 0.855 0.0 -0.3
0.808 0.854 0.3 0.0
0.815 0.864 0.3 0.0
0.823 0.874 0.0 -0.3
0.825 0.872 0.3 0.0
0.833 0.882 0.3 0.0
0.840 0.892 0.0 -0.3
0.842 0.890 0.3 0.0
0.849 0.900 0.0 -0.3
0.430 0.326 0.0 0.3
0.431 0.329 0.0 0.3
0.432 0.332 0.0 0.3
0.433 0.335 0.0 0.3
0.433 0.338 0.0 0.3
0.434 0.340 0.0 0.3
0.435 0.343 0.0 0.3
0.435 0.346 0.0 0.3
0.435 0.349 0.0 0.3
0.436 0.352 0.0 0.3
0.436 0.355 0.0 0.3
0.436 0.357 0.0 0.3
0.436 0.360 0.0 0.3
0.436 0.363 0.0 0.3
0.436 0.366 0.0 0.3
0.435 0.369 0.0 0.3
0.435 0.371 0.0 0.3
0.434 0.374 0.0 0.3
0.434 0.377 0.0 0.3
0.433 0.380 0.0 0.3
0.432 0.382 0.3 0.0
0.441 0.391 0.0 0.3
0.440 0.394 0.3 0.0
0.450 0.402 0.3 0.0
0.459 0.411 0.3 0.0
0.469 0.420 0.3 0.0
0.478 0.428 0.0 0.3
0.477 0.431 0.3 0.0
0.487 0.440 0.3 0.0
0.496 0.448 0.3 0.0
0.506 0.457 0.3 0.0
0.515 0.466 0.3 0.0
0.525 0.474 0.0 0.3
0.524 0.477 0.3 0.0
0.533 0.485 0.3 0.0
0.543 0.494 0.3 0.0
0.552 0.503 0.3 0.0
0.562 0.511 0.0 0.3
0.561 0.514 0.3 0.0
0.570 0.522 0.3 0.0
0.580 0.531 0.3 0.0
0.589 0.539 0.0 0.3
0.588 0.542 0.3 0.0
0.598 0.551 0.3 0.0
0.608 0.559 0.3 0.0
0.617 0.568 0.3 0.0
0.627 0.576 0.0 0.3
0.626 0.579 0.3 0.0
0.635 0.587 0.3 0.0
0.645 0.596 0.3 0.0
0.654 0.604 0.0 0.3
0.653 0.607 0.3 0.0
0.663 0.615 0.3 0.0
0.673 0.624 0.3 0.0
0.682 0.632 0.0 0.3
0.681 0.635 0.3 0.0
0.691 0.643 0.3 0.0
0.700 0.651 0.3 0.0
0.710 0.660 0.0 0.3
0.709 0.662 0.3 0.0
0.719 0.671 0.3 0.0
0.728 0.679 0.3 0.0
0.738 0.687 0.0 0.3
0.737 0.690 0.3 0.0
0.747 0.698 0.3 0.0
0.756 0.706 0.0 0.3
0.755 0.709 0.3 0.0
0.765 0.717 0.3 0.0
0.775 0.725 0.3 0.0
0.785 0.733 0.0 0.3
0.783 0.736 0.3 0.0
0.793 0.744 0.3 0.0
0.803 0.752 0.0 0.3
0.802 0.754 0.3 0.0
0.811 0.762 0.3 0.0
0.821 0.770 0.0 0.3
0.820 0.773 0.3 0.0
0.830 0.781 0.3 0.0
0.840 0.788 0.0 0.3
0.838 0.791 0.3 0.0
0.848 0.799 0.3 0.0
0.858 0.806 0.0 0.3
0.857 0.809 0.3 0.0
0.867 0.816 0.0 0.3
0.865 0.819 0.3 0.0
0.875 0.826 0.3 0.0
0.885 0.833 0.0 0.3
0.883 0.836 0.3 0.0
0.893 0.843 0.0 0.3
0.891 0.846 0.3 0.0
0.226 0.242 0.3 0.0
0.236 0.252 0.3 0.0
0.246 0.262 0.3 0.0
0.255 0.272 0.3 0.0
0.265 0.282 0.3 0.0
0.275 0.292 0.3 0.0
0.285 0.302 0.3 0.0
0.294 0.312 0.3 0.0
0.304 0.322 0.3 0.0
0.314 0.332 0.3 0.0
0.324 0.342 0.3 0.0
0.333 0.352 0.3 0.0
0.343 0.362 0.3 0.0
0.353 0.371 0.3 0.0
0.362 0.381 0.3 0.0
0.372 0.391 0.3 0.0
0.382 0.401 0.3 0.0
0.391 0.411 0.3 0.0
0.401 0.421 0.3 0.0
0.411 0.431 0.3 0.0
0.420 0.441 0.3 0.0
0.430 0.451 0.3 0.0
0.439 0.461 0.3 0.0
0.449 0.471 0.3 0.0
0.459 0.481 0.3 0.0
0.468 0.491 0.3 0.0
0.478 0.501 0.3 0.0
0.487 0.511 0.3 0.0
0.497 0.521 0.3 0.0
0.506 0.531 0.3 0.0
0.516 0.541 0.3 0.0
0.525 0.551 0.3 0.0
0.534 0.561 0.3 0.0
0.544 0.571 0.3 0.0
0.553 0.581 0.3 0.0
0.562 0.591 0.3 0.0
0.572 0.601 0.3 0.0
0.581 0.611 0.3 0.0
0.590 0.620 0.3 0.0
0.599 0.630 0.3 0.0
0.609 0.640 0.3 0.0
0.618 0.650 0.3 0.0
0.627 0.660 0.3 0.0
0.636 0.670 0.3 0.0
0.645 0.680 0.3 0.0
0.653 0.690 0.3 0.0
0.662 0.700 0.3 0.0
0.671 0.710 0.3 0.0
0.680 0.720 0.3 0.0
0.688 0.729 0.3 0.0
0.697 0.739 0.3 0.0
0.705 0.749 0.3 0.0
0.714 0.759 0.3 0.0
0.722 0.769 0.3 0.0
0.730 0.779 0.3 0.0
0.738 0.788 0.0 -0.3
0.741 0.787 0.3 0.0
0.749 0.797 0.3 0.0
0.757 0.807 0.0 -0.3
0.759 0.805 0.3 0.0
0.767 0.815 0.3 0.0
0.775 0.825 0.0 -0.3
0.778 0.824 0.3 0.0
0.786 0.834 0.3 0.0
0.793 0.844 0.0 -0.3
0.796 0.842 0.3 0.0
0.804 0.852 0.3 0.0
0.811 0.862 0.0 -0.3
0.814 0.860 0.3 0.0
0.821 0.870 0.3 0.0
0.828 0.880 0.0 -0.3
0.831 0.879 0.3 0.0
0.838 0.889 0.0 -0.3
0.841 0.887 0.3 0.0
0.848 0.897 0.3 0.0
0.136 0.180 0.3 0.0
0.145 0.189 0.3 0.0
0.154 0.199 0.3 0.0
0.163 0.208 0.3 0.0
0.172 0.218 0.3 0.0
0.181 0.227 0.3 0.0
0.190 0.236 0.3 0.0
0.199 0.246 0.3 0.0
0.208 0.255 0.3 0.0
0.217 0.265 0.3 0.0
0.225 0.274 0.3 0.0
0.234 0.283 0.3 0.0
0.243 0.293 0.3 0.0
0.252 0.302 0.0 -0.3
0.254 0.301 0.3 0.0
0.263 0.311 0.3 0.0
0.272 0.320 0.3 0.0
0.281 0.329 0.3 0.0
0.289 0.339 0.3 0.0
0.298 0.348 0.0 -0.3
0.301 0.347 0.3 0.0
0.309 0.357 0.3 0.0
0.318 0.366 0.3 0.0
0.327 0.376 0.3 0.0
0.336 0.385 0.3 0.0
0.344 0.394 0.0 -0.3
0.347 0.393 0.3 0.0
0.356 0.403 0.3 0.0
0.364 0.412 0.3 0.0
0.373 0.422 0.3 0.0
0.382 0.431 0.3 0.0
0.390 0.441 0.0 -0.3
0.393 0.440 0.3 0.0
0.402 0.449 0.3 0.0
0.411 0.459 0.3 0.0
0.419 0.468 0.3 0.0
0.428 0.478 0.3 0.0
0.436 0.487 0.0 -0.3
0.439 0.486 0.3 0.0
0.448 0.496 0.3 0.0
0.456 0.505 0.3 0.0
0.465 0.514 0.3 0.0
0.474 0.524 0.0 -0.3
0.476 0.523 0.3 0.0
0.485 0.533 0.3 0.0
0.494 0.542 0.3 0.0
0.502 0.552 0.3 0.0
0.511 0.561 0.0 -0.3
0.513 0.560 0.3 0.0
0.522 0.570 0.3 0.0
0.531 0.579 0.3 0.0
0.539 0.589 0.3 0.0
0.547 0.598 0.0 -0.3
0.550 0.597 0.3 0.0
0.559 0.607 0.3 0.0
0.567 0.616 0.3 0.0
0.576 0.626 0.0 -0.3
0.578 0.625 0.3 0.0
0.587 0.634 0.3 0.0
0.595 0.644 0.3 0.0
0.604 0.654 0.3 0.0
0.612 0.663 0.0 -0.3
0.615 0.662 0.3 0.0
0.623 0.672 0.3 0.0
0.632 0.681 0.3 0.0
0.640 0.691 0.0 -0.3
0.643 0.690 0.3 0.0
0.651 0.700 0.3 0.0
0.659 0.709 0.0 -0.3
0.662 0.708 0.3 0.0
0.670 0.718 0.3 0.0
0.678 0.728 0.3 0.0
0.687 0.737 0.0 -0.3
0.689 0.736 0.3 0.0
0.698 0.746 0.3 0.0
0.706 0.756 0.3 0.0
0.714 0.765 0.0 -0.3
0.717 0.764 0.3 0.0
0.725 0.774 0.3 0.0
0.733 0.784 0.0 -0.3
0.735 0.782 0.3 0.0
0.743 0.792 0.3 0.0
0.751 0.802 0.0 -0.3
0.754 0.801 0.3 0.0
0.762 0.811 0.3 0.0
0.770 0.820 0.0 -0.3
0.772 0.819 0.3 0.0
0.780 0.829 0.3 0.0
0.788 0.839 0.0 -0.3
0.791 0.837 0.3 0.0
0.798 0.847 0.3 0.0
0.806 0.857 0.0 -0.3
0.809 0.856 0.3 0.0
0.816 0.866 0.3 0.0
0.823 0.876 0.0 -0.3
0.826 0.874 0.3 0.0
0.833 0.884 0.0 -0.3
0.836 0.882 0.3 0.0
0.843 0.892 0.3 0.0
0.409 0.450 0.3 0.0
0.418 0.460 0.3 0.0
0.427 0.469 0.3 0.0
0.436 0.479 0.3 0.0
0.445 0.489 0.3 0.0
0.454 0.498 0.3 0.0
0.463 0.508 0.3 0.0
0.472 0.517 0.3 0.0
0.480 0.527 0.3 0.0
0.489 0.537 0.3 0.0
0.498 0.546 0.3 0.0
0.506 0.556 0.3 0.0
0.515 0.565 0.0 -0.3
0.517 0.564 0.3 0.0
0.526 0.574 0.3 0.0
0.534 0.583 0.3 0.0
0.543 0.593 0.3 0.0
0.551 0.602 0.0 -0.3
0.554 0.601 0.3 0.0
0.563 0.611 0.3 0.0
0.571 0.620 0.3 0.0
0.580 0.630 0.0 -0.3
0.582 0.629 0.3 0.0
0.591 0.638 0.3 0.0
0.599 0.648 0.3 0.0
0.608 0.658 0.0 -0.3
0.610 0.657 0.3 0.0
0.619 0.666 0.3 0.0
0.627 0.676 0.3 0.0
0.636 0.685 0.3 0.0
0.644 0.695 0.0 -0.3
0.646 0.694 0.3 0.0
0.655 0.704 0.3 0.0
0.663 0.713 0.0 -0.3
0.666 0.712 0.3 0.0
0.674 0.722 0.3 0.0
0.682 0.732 0.3 0.0
0.691 0.741 0.0 -0.3
0.693 0.740 0.3 0.0
0.701 0.750 0.3 0.0
0.710 0.760 0.0 -0.3
0.712 0.758 0.3 0.0
0.721 0.768 0.3 0.0
0.729 0.778 0.3 0.0
0.736 0.788 0.0 -0.3
0.739 0.787 0.3 0.0
0.747 0.796 0.3 0.0
0.755 0.806 0.0 -0.3
0.758 0.805 0.3 0.0
0.766 0.815 0.3 0.0
0.773 0.825 0.0 -0.3
0.776 0.823 0.3 0.0
0.784 0.833 0.3 0.0
0.792 0.843 0.0 -0.3
0.794 0.842 0.3 0.0
0.802 0.851 0.3 0.0
0.809 0.861 0.0 -0.3
0.812 0.860 0.3 0.0
0.819 0.870 0.0 -0.3
0.822 0.868 0.3 0.0
0.829 0.878 0.3 0.0
0.836 0.888 0.0 -0.3
0.839 0.886 0.3 0.0
0.846 0.896 0.0 -0.3
0.849 0.895 0.3 0.0
0.455 0.549 0.0 -0.3
0.458 0.549 0.0 -0.3
0.461 0.550 0.0 -0.3
0.464 0.550 0.0 -0.3
0.466 0.550 0.0 -0.3
0.469 0.551 0.0 -0.3
0.472 0.551 0.0 -0.3
0.475 0.550 0.0 -0.3
0.478 0.550 0.0 -0.3
0.481 0.550 0.0 -0.3
0.483 0.550 0.0 -0.3
0.486 0.549 0.0 -0.3
0.489 0.548 0.0 -0.3
0.492 0.548 0.0 -0.3
0.494 0.547 0.0 -0.3
0.497 0.546 0.3 0.0
0.506 0.555 0.3 0.0
0.514 0.565 0.0 -0.3
0.517 0.564 0.3 0.0
0.525 0.574 0.3 0.0
0.534 0.583 0.3 0.0
0.542 0.593 0.0 -0.3
0.545 0.592 0.3 0.0
0.554 0.601 0.3 0.0
0.562 0.611 0.3 0.0
0.571 0.620 0.3 0.0
0.579 0.630 0.0 -0.3
0.582 0.629 0.3 0.0
0.590 0.638 0.3 0.0
0.599 0.648 0.3 0.0
0.607 0.658 0.0 -0.3
0.610 0.656 0.3 0.0
0.618 0.666 0.3 0.0
0.627 0.676 0.3 0.0
0.635 0.685 0.0 -0.3
0.638 0.684 0.3 0.0
0.646 0.694 0.3 0.0
0.654 0.704 0.3 0.0
0.663 0.713 0.0 -0.3
0.665 0.712 0.3 0.0
0.674 0.722 0.3 0.0
0.682 0.732 0.3 0.0
0.690 0.741 0.0 -0.3
0.693 0.740 0.3 0.0
0.701 0.750 0.3 0.0
0.709 0.760 0.0 -0.3
0.712 0.758 0.3 0.0
0.720 0.768 0.3 0.0
0.728 0.778 0.0 -0.3
0.731 0.777 0.3 0.0
0.739 0.786 0.3 0.0
0.747 0.796 0.3 0.0
0.754 0.806 0.0 -0.3
0.757 0.805 0.3 0.0
0.765 0.815 0.3 0.0
0.773 0.824 0.0 -0.3
0.776 0.823 0.3 0.0
0.783 0.833 0.3 0.0
0.791 0.843 0.0 -0.3
0.794 0.841 0.3 0.0
0.801 0.851 0.0 -0.3
0.804 0.850 0.3 0.0
0.811 0.860 0.3 0.0
0.819 0.870 0.0 -0.3
0.822 0.868 0.3 0.0
0.829 0.878 0.3 0.0
0.836 0.888 0.0 -0.3
0.839 0.886 0.3 0.0
0.846 0.896 0.0 -0.3
0.848 0.895 0.3 0.0
0.360 0.390 0.3 0.0
0.370 0.400 0.3 0.0
0.379 0.410 0.3 0.0
0.388 0.419 0.3 0.0
0.398 0.429 0.3 0.0
0.407 0.439 0.3 0.0
0.416 0.449 0.3 0.0
0.426 0.459 0.3 0.0
0.435 0.469 0.3 0.0
0.444 0.478 0.3 0.0
0.453 0.488 0.3 0.0
0.462 0.498 0.3 0.0
0.471 0.508 0.3 0.0
0.481 0.518 0.3 0.0
0.490 0.527 0.3 0.0
0.499 0.537 0.3 0.0
0.508 0.547 0.3 0.0
0.517 0.557 0.3 0.0
0.525 0.566 0.3 0.0
0.534 0.576 0.3 0.0
0.543 0.586 0.3 0.0
0.552 0.596 0.3 0.0
0.561 0.605 0.3 0.0
0.569 0.615 0.3 0.0
0.578 0.625 0.3 0.0
0.586 0.634 0.3 0.0
0.595 0.644 0.3 0.0
0.603 0.653 0.0 -0.3
0.606 0.652 0.3 0.0
0.614 0.662 0.3 0.0
0.623 0.672 0.3 0.0
0.631 0.681 0.3 0.0
0.640 0.691 0.0 -0.3
0.642 0.690 0.3 0.0
0.651 0.699 0.3 0.0
0.659 0.709 0.0 -0.3
0.662 0.708 0.3 0.0
0.670 0.718 0.3 0.0
0.678 0.727 0.3 0.0
0.686 0.737 0.0 -0.3
0.689 0.736 0.3 0.0
0.697 0.746 0.3 0.0
0.705 0.755 0.3 0.0
0.713 0.765 0.0 -0.3
0.716 0.764 0.3 0.0
0.724 0.774 0.3 0.0
0.732 0.783 0.0 -0.3
0.735 0.782 0.3 0.0
0.743 0.792 0.3 0.0
0.751 0.802 0.0 -0.3
0.754 0.800 0.3 0.0
0.762 0.810 0.3 0.0
0.769 0.820 0.0 -0.3
0.772 0.819 0.3 0.0
0.780 0.829 0.3 0.0
0.788 0.839 0.0 -0.3
0.790 0.837 0.3 0.0
0.798 0.847 0.3 0.0
0.805 0.857 0.0 -0.3
0.808 0.855 0.3 0.0
0.816 0.865 0.3 0.0
0.823 0.875 0.0 -0.3
0.826 0.874 0.3 0.0
0.833 0.884 0.0 -0.3
0.836 0.882 0.3 0.0
0.843 0.892 0.3 0.0
0.254 0.222 0.3 0.0
0.264 0.231 0.3 0.0
0.273 0.240 0.3 0.0
0.283 0.250 0.3 0.0
0.293 0.259 0.3 0.0
0.303 0.268 0.3 0.0
0.312 0.278 0.3 0.0
0.322 0.287 0.3 0.0
0.332 0.296 0.3 0.0
0.342 0.306 0.3 0.0
0.351 0.315 0.3 0.0
0.361 0.324 0.3 0.0
0.371 0.333 0.3 0.0
0.381 0.342 0.3 0.0
0.390 0.351 0.3 0.0
0.400 0.360 0.3 0.0
0.410 0.370 0.3 0.0
0.419 0.379 0.3 0.0
0.429 0.388 0.3 0.0
0.439 0.397 0.3 0.0
0.448 0.405 0.3 0.0
0.458 0.414 0.3 0.0
0.467 0.423 0.3 0.0
0.477 0.432 0.3 0.0
0.487 0.441 0.3 0.0
0.496 0.450 0.3 0.0
0.506 0.458 0.3 0.0
0.515 0.467 0.3 0.0
0.525 0.476 0.3 0.0
0.534 0.484 0.3 0.0
0.543 0.493 0.0 0.3
0.543 0.495 0.3 0.0
0.552 0.504 0.3 0.0
0.562 0.513 0.3 0.0
0.571 0.521 0.0 0.3
0.570 0.524 0.3 0.0
0.580 0.532 0.3 0.0
0.589 0.541 0.3 0.0
0.599 0.549 0.3 0.0
0.608 0.558 0.0 0.3
0.607 0.561 0.3 0.0
0.617 0.569 0.3 0.0
0.626 0.578 0.3 0.0
0.636 0.586 0.3 0.0
0.646 0.594 0.0 0.3
0.645 0.597 0.3 0.0
0.654 0.606 0.3 0.0
0.664 0.614 0.3 0.0
0.673 0.622 0.0 0.3
0.672 0.625 0.3 0.0
0.682 0.633 0.3 0.0
0.692 0.642 0.3 0.0
0.701 0.650 0.0 0.3
0.700 0.653 0.3 0.0
0.710 0.661 0.3 0.0
0.719 0.669 0.0 0.3
0.718 0.672 0.3 0.0
0.728 0.680 0.3 0.0
0.738 0.689 0.3 0.0
0.747 0.697 0.0 0.3
0.746 0.699 0.3 0.0
0.756 0.708 0.3 0.0
0.766 0.716 0.0 0.3
0.765 0.718 0.3 0.0
0.774 0.727 0.3 0.0
0.784 0.735 0.3 0.0
0.794 0.742 0.0 0.3
0.793 0.745 0.3 0.0
0.802 0.753 0.3 0.0
0.812 0.761 0.0 0.3
0.811 0.764 0.3 0.0
0.821 0.772 0.3 0.0
0.831 0.779 0.0 0.3
0.829 0.782 0.3 0.0
0.839 0.790 0.3 0.0
0.849 0.797 0.0 0.3
0.848 0.800 0.3 0.0
0.858 0.807 0.0 0.3
0.856 0.810 0.3 0.0
0.866 0.818 0.3 0.0
0.876 0.825 0.0 0.3
0.874 0.828 0.3 0.0
0.884 0.835 0.3 0.0
0.894 0.842 0.0 0.3
0.893 0.845 0.3 0.0
0.104 0.115 0.3 0.0
0.114 0.125 0.3 0.0
0.124 0.135 0.3 0.0
0.134 0.145 0.3 0.0
0.144 0.155 0.3 0.0
0.154 0.165 0.3 0.0
0.164 0.175 0.3 0.0
0.173 0.185 0.3 0.0
0.183 0.195 0.3 0.0
0.193 0.205 0.3 0.0
0.203 0.215 0.3 0.0
0.213 0.225 0.3 0.0
0.223 0.235 0.3 0.0
0.232 0.245 0.3 0.0
0.242 0.255 0.3 0.0
0.252 0.265 0.3 0.0
0.262 0.275 0.3 0.0
0.272 0.285 0.3 0.0
0.282 0.295 0.3 0.0
0.291 0.305 0.3 0.0
0.301 0.315 0.3 0.0
0.311 0.325 0.3 0.0
0.321 0.335 0.3 0.0
0.331 0.345 0.3 0.0
0.340 0.355 0.3 0.0
0.350 0.365 0.3 0.0
0.360 0.375 0.3 0.0
0.370 0.385 0.3 0.0
0.379 0.395 0.3 0.0
0.389 0.405 0.3 0.0
0.399 0.415 0.3 0.0
0.409 0.425 0.3 0.0
0.418 0.435 0.3 0.0
0.428 0.445 0.3 0.0
0.438 0.455 0.3 0.0
0.447 0.465 0.3 0.0
0.457 0.475 0.3 0.0
0.467 0.485 0.3 0.0
0.476 0.495 0.3 0.0
0.486 0.505 0.3 0.0
0.496 0.515 0.3 0.0
0.505 0.525 0.3 0.0
0.515 0.535 0.3 0.0
0.524 0.545 0.3 0.0
0.534 0.555 0.3 0.0
0.544 0.565 0.3 0.0
0.553 0.575 0.3 0.0
0.563 0.585 0.3 0.0
0.572 0.595 0.3 0.0
0.581 0.604 0.3 0.0
0.591 0.614 0.3 0.0
0.600 0.624 0.3 0.0
0.610 0.634 0.3 0.0
0.619 0.644 0.3 0.0
0.628 0.654 0.3 0.0
0.637 0.664 0.3 0.0
0.647 0.674 0.3 0.0
0.656 0.684 0.3 0.0
0.665 0.694 0.3 0.0
0.674 0.704 0.3 0.0
0.683 0.714 0.3 0.0
0.692 0.724 0.3 0.0
0.701 0.734 0.3 0.0
0.710 0.744 0.3 0.0
0.719 0.754 0.3 0.0
0.727 0.764 0.3 0.0
0.736 0.774 0.3 0.0
0.744 0.784 0.3 0.0
0.753 0.794 0.3 0.0
0.761 0.804 0.3 0.0
0.769 0.814 0.3 0.0
0.777 0.824 0.3 0.0
0.784 0.834 0.3 0.0
0.792 0.844 0.0 -0.3
0.795 0.842 0.3 0.0
0.802 0.852 0.3 0.0
0.810 0.862 0.0 -0.3
0.813 0.860 0.3 0.0
0.820 0.870 0.0 -0.3
0.823 0.869 0.3 0.0
0.830 0.879 0.3 0.0
0.837 0.889 0.0 -0.3
0.840 0.887 0.3 0.0
0.847 0.897 0.0 -0.3
0.849 0.895 0.3 0.0
0.089 0.129 0.3 0.0
0.098 0.139 0.3 0.0
0.107 0.149 0.3 0.0
0.116 0.158 0.3 0.0
0.125 0.168 0.3 0.0
0.134 0.177 0.3 0.0
0.143 0.187 0.3 0.0
0.152 0.196 0.3 0.0
0.161 0.206 0.3 0.0
0.170 0.215 0.3 0.0
0.179 0.225 0.3 0.0
0.188 0.234 0.3 0.0
0.197 0.244 0.3 0.0
0.206 0.253 0.3 0.0
0.215 0.262 0.3 0.0
0.224 0.272 0.3 0.0
0.232 0.281 0.3 0.0
0.241 0.290 0.3 0.0
0.250 0.300 0.3 0.0
0.259 0.309 0.0 -0.3
0.261 0.308 0.3 0.0
0.270 0.318 0.3 0.0
0.279 0.327 0.3 0.0
0.288 0.337 0.3 0.0
0.296 0.346 0.3 0.0
0.305 0.355 0.0 -0.3
0.308 0.354 0.3 0.0
0.316 0.364 0.3 0.0
0.325 0.373 0.3 0.0
0.334 0.383 0.3 0.0
0.343 0.392 0.3 0.0
0.351 0.401 0.0 -0.3
0.354 0.401 0.3 0.0
0.363 0.410 0.3 0.0
0.371 0.419 0.3 0.0
0.380 0.429 0.3 0.0
0.389 0.438 0.3 0.0
0.397 0.448 0.0 -0.3
0.400 0.447 0.3 0.0
0.409 0.456 0.3 0.0
0.417 0.466 0.3 0.0
0.426 0.475 0.3 0.0
0.435 0.485 0.3 0.0
0.443 0.494 0.0 -0.3
0.446 0.493 0.3 0.0
0.455 0.503 0.3 0.0
0.463 0.512 0.3 0.0
0.472 0.522 0.3 0.0
0.480 0.531 0.0 -0.3
0.483 0.530 0.3 0.0
0.492 0.540 0.3 0.0
0.500 0.549 0.3 0.0
0.509 0.559 0.3 0.0
0.517 0.568 0.0 -0.3
0.520 0.567 0.3 0.0
0.529 0.577 0.3 0.0
0.537 0.586 0.3 0.0
0.546 0.596 0.0 -0.3
0.548 0.595 0.3 0.0
0.557 0.604 0.3 0.0
0.565 0.614 0.3 0.0
0.574 0.623 0.3 0.0
0.582 0.633 0.0 -0.3
0.585 0.632 0.3 0.0
0.594 0.642 0.3 0.0
0.602 0.651 0.3 0.0
0.610 0.661 0.0 -0.3
0.613 0.660 0.3 0.0
0.621 0.669 0.3 0.0
0.630 0.679 0.3 0.0
0.638 0.689 0.0 -0.3
0.641 0.687 0.3 0.0
0.649 0.697 0.3 0.0
0.658 0.707 0.3 0.0
0.666 0.716 0.0 -0.3
0.669 0.715 0.3 0.0
0.677 0.725 0.3 0.0
0.685 0.735 0.3 0.0
0.693 0.744 0.0 -0.3
0.696 0.743 0.3 0.0
0.704 0.753 0.3 0.0
0.712 0.763 0.0 -0.3
0.715 0.762 0.3 0.0
0.723 0.771 0.3 0.0
0.731 0.781 0.0 -0.3
0.734 0.780 0.3 0.0
0.742 0.790 0.3 0.0
0.750 0.800 0.3 0.0
0.758 0.809 0.0 -0.3
0.760 0.808 0.3 0.0
0.768 0.818 0.3 0.0
0.776 0.828 0.0 -0.3
0.779 0.826 0.3 0.0
0.786 0.836 0.3 0.0
0.794 0.846 0.0 -0.3
0.797 0.845 0.3 0.0
0.804 0.855 0.0 -0.3
0.807 0.853 0.3 0.0
0.814 0.863 0.3 0.0
0.822 0.873 0.0 -0.3
0.824 0.871 0.3 0.0
0.832 0.881 0.3 0.0
0.839 0.891 0.0 -0.3
0.841 0.890 0.3 0.0
0.848 0.900 0.0 -0.3
0.851 0.898 0.3 0.0
0.118 0.157 0.3 0.0
0.127 0.166 0.3 0.0
0.137 0.176 0.3 0.0
0.146 0.186 0.3 0.0
0.155 0.195 0.3 0.0
0.164 0.205 0.3 0.0
0.173 0.214 0.3 0.0
0.182 0.224 0.3 0.0
0.191 0.233 0.3 0.0
0.200 0.243 0.3 0.0
0.209 0.253 0.3 0.0
0.218 0.262 0.3 0.0
0.227 0.272 0.3 0.0
0.236 0.281 0.3 0.0
0.245 0.291 0.3 0.0
0.254 0.300 0.3 0.0
0.263 0.310 0.3 0.0
0.272 0.319 0.3 0.0
0.281 0.328 0.3 0.0
0.290 0.338 0.3 0.0
0.298 0.347 0.3 0.0
0.307 0.357 0.3 0.0
0.316 0.366 0.0 -0.3
0.318 0.365 0.3 0.0
0.327 0.375 0.3 0.0
0.336 0.384 0.3 0.0
0.345 0.393 0.3 0.0
0.353 0.403 0.3 0.0
0.362 0.412 0.0 -0.3
0.365 0.411 0.3 0.0
0.373 0.421 0.3 0.0
0.382 0.430 0.3 0.0
0.391 0.440 0.3 0.0
0.399 0.449 0.3 0.0
0.408 0.458 0.0 -0.3
0.411 0.458 0.3 0.0
0.419 0.467 0.3 0.0
0.428 0.476 0.3 0.0
0.437 0.486 0.3 0.0
0.445 0.495 0.0 -0.3
0.448 0.494 0.3 0.0
0.457 0.504 0.3 0.0
0.465 0.513 0.3 0.0
0.474 0.523 0.3 0.0
0.482 0.532 0.3 0.0
0.491 0.542 0.0 -0.3
0.494 0.541 0.3 0.0
0.502 0.550 0.3 0.0
0.511 0.560 0.3 0.0
0.519 0.569 0.0 -0.3
0.522 0.568 0.3 0.0
0.531 0.578 0.3 0.0
0.539 0.588 0.3 0.0
0.548 0.597 0.3 0.0
0.556 0.607 0.0 -0.3
0.559 0.606 0.3 0.0
0.567 0.615 0.3 0.0
0.576 0.625 0.3 0.0
0.584 0.634 0.3 0.0
0.593 0.644 0.0 -0.3
0.595 0.643 0.3 0.0
0.604 0.652 0.3 0.0
0.612 0.662 0.3 0.0
0.621 0.672 0.0 -0.3
0.623 0.671 0.3 0.0
0.632 0.680 0.3 0.0
0.640 0.690 0.3 0.0
0.648 0.699 0.0 -0.3
0.651 0.698 0.3 0.0
0.659 0.708 0.3 0.0
0.668 0.718 0.0 -0.3
0.670 0.717 0.3 0.0
0.679 0.726 0.3 0.0
0.687 0.736 0.3 0.0
0.695 0.746 0.0 -0.3
0.698 0.745 0.3 0.0
0.706 0.754 0.3 0.0
0.714 0.764 0.0 -0.3
0.717 0.763 0.3 0.0
0.725 0.773 0.3 0.0
0.733 0.782 0.3 0.0
0.741 0.792 0.0 -0.3
0.744 0.791 0.3 0.0
0.752 0.801 0.3 0.0
0.759 0.811 0.0 -0.3
0.762 0.809 0.3 0.0
0.770 0.819 0.3 0.0
0.778 0.829 0.0 -0.3
0.780 0.828 0.3 0.0
0.788 0.838 0.3 0.0
0.796 0.847 0.0 -0.3
0.798 0.846 0.3 0.0
0.806 0.856 0.3 0.0
0.813 0.866 0.0 -0.3
0.816 0.864 0.3 0.0
0.823 0.874 0.0 -0.3
0.826 0.873 0.3 0.0
0.833 0.883 0.3 0.0
0.840 0.893 0.0 -0.3
0.843 0.891 0.3 0.0
0.572 0.658 0.0 -0.3
0.574 0.658 0.0 -0.3
0.577 0.658 0.0 -0.3
0.580 0.658 0.0 -0.3
0.583 0.658 0.0 -0.3
0.586 0.658 0.0 -0.3
0.589 0.657 0.0 -0.3
0.591 0.657 0.0 -0.3
0.594 0.656 0.0 -0.3
0.597 0.655 0.0 -0.3
0.600 0.655 0.0 -0.3
0.603 0.654 0.0 -0.3
0.605 0.653 0.3 0.0
0.614 0.662 0.3 0.0
0.622 0.672 0.3 0.0
0.630 0.681 0.0 -0.3
0.633 0.680 0.3 0.0
0.641 0.690 0.3 0.0
0.650 0.700 0.3 0.0
0.658 0.709 0.0 -0.3
0.661 0.708 0.3 0.0
0.669 0.718 0.3 0.0
0.677 0.728 0.0 -0.3
0.680 0.726 0.3 0.0
0.688 0.736 0.3 0.0
0.696 0.746 0.3 0.0
0.704 0.756 0.0 -0.3
0.707 0.754 0.3 0.0
0.715 0.764 0.3 0.0
0.723 0.774 0.0 -0.3
0.726 0.773 0.3 0.0
0.734 0.782 0.3 0.0
0.742 0.792 0.0 -0.3
0.745 0.791 0.3 0.0
0.753 0.801 0.3 0.0
0.761 0.811 0.3 0.0
0.768 0.820 0.0 -0.3
0.771 0.819 0.3 0.0
0.779 0.829 0.0 -0.3
0.782 0.828 0.3 0.0
0.790 0.838 0.3 0.0
0.797 0.847 0.0 -0.3
0.800 0.846 0.3 0.0
0.807 0.856 0.3 0.0
0.815 0.866 0.0 -0.3
0.818 0.864 0.3 0.0
0.825 0.874 0.3 0.0
0.832 0.884 0.0 -0.3
0.835 0.883 0.3 0.0
0.842 0.893 0.0 -0.3
0.845 0.891 0.3 0.0
0.050 0.132 0.0 -0.3
0.053 0.132 0.0 -0.3
0.056 0.132 0.0 -0.3
0.058 0.132 0.0 -0.3
0.061 0.132 0.0 -0.3
0.064 0.131 0.0 -0.3
0.067 0.131 0.0 -0.3
0.070 0.131 0.0 -0.3
0.072 0.130 0.0 -0.3
0.075 0.129 0.0 -0.3
0.078 0.129 0.0 -0.3
0.080 0.128 0.3 0.0
0.089 0.137 0.3 0.0
0.098 0.147 0.3 0.0
0.107 0.156 0.3 0.0
0.115 0.165 0.3 0.0
0.124 0.175 0.0 -0.3
0.127 0.174 0.3 0.0
0.136 0.183 0.3 0.0
0.145 0.192 0.3 0.0
0.153 0.202 0.3 0.0
0.162 0.211 0.3 0.0
0.171 0.220 0.3 0.0
0.180 0.230 0.0 -0.3
0.182 0.229 0.3 0.0
0.191 0.238 0.3 0.0
0.200 0.248 0.3 0.0
0.209 0.257 0.3 0.0
0.218 0.267 0.3 0.0
0.226 0.276 0.3 0.0
0.235 0.285 0.0 -0.3
0.238 0.284 0.3 0.0
0.247 0.294 0.3 0.0
0.255 0.303 0.3 0.0
0.264 0.313 0.3 0.0
0.273 0.322 0.3 0.0
0.282 0.331 0.3 0.0
0.290 0.341 0.0 -0.3
0.293 0.340 0.3 0.0
0.302 0.349 0.3 0.0
0.311 0.359 0.3 0.0
0.319 0.368 0.3 0.0
0.328 0.377 0.3 0.0
0.337 0.387 0.0 -0.3
0.339 0.386 0.3 0.0
0.348 0.395 0.3 0.0
0.357 0.405 0.3 0.0
0.366 0.414 0.3 0.0
0.374 0.424 0.3 0.0
0.383 0.433 0.0 -0.3
0.385 0.432 0.3 0.0
0.394 0.442 0.3 0.0
0.403 0.451 0.3 0.0
0.412 0.461 0.3 0.0
0.420 0.470 0.3 0.0
0.429 0.479 0.0 -0.3
0.431 0.478 0.3 0.0
0.440 0.488 0.3 0.0
0.449 0.497 0.3 0.0
0.457 0.507 0.3 0.0
0.466 0.516 0.0 -0.3
0.469 0.515 0.3 0.0
0.477 0.525 0.3 0.0
0.486 0.534 0.3 0.0
0.495 0.544 0.3 0.0
0.503 0.553 0.0 -0.3
0.506 0.552 0.3 0.0
0.514 0.562 0.3 0.0
0.523 0.572 0.3 0.0
0.531 0.581 0.3 0.0
0.540 0.591 0.0 -0.3
0.543 0.590 0.3 0.0
0.551 0.599 0.3 0.0
0.560 0.609 0.3 0.0
0.568 0.618 0.0 -0.3
0.571 0.617 0.3 0.0
0.579 0.627 0.3 0.0
0.588 0.636 0.3 0.0
0.596 0.646 0.3 0.0
0.605 0.656 0.0 -0.3
0.607 0.654 0.3 0.0
0.616 0.664 0.3 0.0
0.624 0.674 0.3 0.0
0.633 0.683 0.0 -0.3
0.635 0.682 0.3 0.0
0.644 0.692 0.3 0.0
0.652 0.702 0.3 0.0
0.660 0.711 0.0 -0.3
0.663 0.710 0.3 0.0
0.671 0.720 0.3 0.0
0.679 0.729 0.0 -0.3
0.682 0.728 0.3 0.0
0.690 0.738 0.3 0.0
0.699 0.748 0.3 0.0
0.707 0.758 0.0 -0.3
0.709 0.756 0.3 0.0
0.718 0.766 0.3 0.0
0.726 0.776 0.0 -0.3
0.728 0.775 0.3 0.0
0.736 0.784 0.3 0.0
0.744 0.794 0.3 0.0
0.752 0.804 0.0 -0.3
0.755 0.803 0.3 0.0
0.763 0.813 0.3 0.0
0.771 0.822 0.0 -0.3
0.773 0.821 0.3 0.0
0.781 0.831 0.3 0.0
0.789 0.841 0.0 -0.3
0.791 0.839 0.3 0.0
0.799 0.849 0.0 -0.3
0.802 0.848 0.3 0.0
0.809 0.858 0.3 0.0
0.817 0.868 0.0 -0.3
0.819 0.866 0.3 0.0
0.827 0.876 0.3 0.0
0.834 0.886 0.0 -0.3
0.837 0.884 0.3 0.0
0.843 0.894 0.0 -0.3
0.846 0.893 0.3 0.0
0.611 0.563 0.3 0.0
0.620 0.572 0.3 0.0
0.630 0.580 0.3 0.0
0.639 0.589 0.0 0.3
0.638 0.592 0.3 0.0
0.648 0.600 0.3 0.0
0.658 0.609 0.3 0.0
0.667 0.617 0.0 0.3
0.666 0.620 0.3 0.0
0.676 0.628 0.3 0.0
0.685 0.636 0.3 0.0
0.695 0.645 0.0 0.3
0.694 0.647 0.3 0.0
0.704 0.656 0.3 0.0
0.713 0.664 0.3 0.0
0.723 0.672 0.0 0.3
0.722 0.675 0.3 0.0
0.732 0.683 0.3 0.0
0.741 0.691 0.3 0.0
0.751 0.700 0.0 0.3
0.750 0.702 0.3 0.0
0.760 0.710 0.3 0.0
0.769 0.718 0.0 0.3
0.768 0.721 0.3 0.0
0.778 0.729 0.3 0.0
0.788 0.737 0.0 0.3
0.786 0.740 0.3 0.0
0.796 0.748 0.3 0.0
0.806 0.756 0.0 0.3
0.805 0.759 0.3 0.0
0.815 0.767 0.3 0.0
0.824 0.774 0.3 0.0
0.834 0.782 0.0 0.3
0.833 0.785 0.3 0.0
0.843 0.792 0.0 0.3
0.841 0.795 0.3 0.0
0.851 0.803 0.3 0.0
0.861 0.810 0.0 0.3
0.860 0.813 0.3 0.0
0.870 0.820 0.3 0.0
0.880 0.828 0.0 0.3
0.878 0.830 0.3 0.0
0.888 0.837 0.0 0.3
0.886 0.840 0.3 0.0
0.896 0.847 0.3 0.0
0.467 0.543 0.0 -0.3
0.470 0.543 0.0 -0.3
0.473 0.543 0.0 -0.3
0.476 0.542 0.0 -0.3
0.479 0.542 0.0 -0.3
0.481 0.541 0.0 -0.3
0.484 0.540 0.0 -0.3
0.487 0.540 0.0 -0.3
0.490 0.539 0.3 0.0
0.498 0.548 0.0 -0.3
0.501 0.547 0.3 0.0
0.509 0.557 0.3 0.0
0.518 0.566 0.3 0.0
0.527 0.576 0.3 0.0
0.535 0.585 0.0 -0.3
0.538 0.584 0.3 0.0
0.546 0.594 0.3 0.0
0.555 0.604 0.3 0.0
0.563 0.613 0.3 0.0
0.572 0.623 0.0 -0.3
0.574 0.622 0.3 0.0
0.583 0.631 0.3 0.0
0.591 0.641 0.3 0.0
0.600 0.650 0.0 -0.3
0.602 0.649 0.3 0.0
0.611 0.659 0.3 0.0
0.619 0.669 0.3 0.0
0.628 0.678 0.0 -0.3
0.630 0.677 0.3 0.0
0.639 0.687 0.3 0.0
0.647 0.696 0.3 0.0
0.655 0.706 0.0 -0.3
0.658 0.705 0.3 0.0
0.666 0.715 0.3 0.0
0.675 0.724 0.3 0.0
0.683 0.734 0.0 -0.3
0.685 0.733 0.3 0.0
0.694 0.743 0.3 0.0
0.702 0.752 0.0 -0.3
0.705 0.751 0.3 0.0
0.713 0.761 0.3 0.0
0.721 0.771 0.3 0.0
0.729 0.780 0.0 -0.3
0.732 0.779 0.3 0.0
0.740 0.789 0.3 0.0
0.747 0.799 0.0 -0.3
0.750 0.797 0.3 0.0
0.758 0.807 0.3 0.0
0.766 0.817 0.0 -0.3
0.769 0.816 0.3 0.0
0.776 0.826 0.3 0.0
0.784 0.836 0.0 -0.3
0.787 0.834 0.3 0.0
0.795 0.844 0.3 0.0
0.802 0.854 0.0 -0.3
0.805 0.852 0.3 0.0
0.812 0.862 0.0 -0.3
0.815 0.861 0.3 0.0
0.822 0.871 0.3 0.0
0.830 0.881 0.0 -0.3
0.832 0.879 0.3 0.0
0.839 0.889 0.3 0.0
0.846 0.899 0.0 -0.3
0.849 0.897 0.3 0.0
0.505 0.428 0.0 0.3
0.505 0.431 0.0 0.3
0.505 0.434 0.0 0.3
0.505 0.436 0.0 0.3
0.504 0.439 0.0 0.3
0.504 0.442 0.0 0.3
0.503 0.445 0.0 0.3
0.503 0.447 0.0 0.3
0.502 0.450 0.0 0.3
0.501 0.453 0.3 0.0
0.510 0.461 0.3 0.0
0.520 0.470 0.3 0.0
0.529 0.479 0.0 0.3
0.528 0.481 0.3 0.0
0.538 0.490 0.3 0.0
0.547 0.498 0.3 0.0
0.557 0.507 0.3 0.0
0.566 0.515 0.0 0.3
0.565 0.518 0.3 0.0
0.575 0.527 0.3 0.0
0.584 0.535 0.3 0.0
0.594 0.544 0.0 0.3
0.593 0.546 0.3 0.0
0.603 0.555 0.3 0.0
0.612 0.564 0.3 0.0
0.622 0.572 0.3 0.0
0.631 0.580 0.0 0.3
0.630 0.583 0.3 0.0
0.640 0.592 0.3 0.0
0.649 0.600 0.3 0.0
0.659 0.608 0.0 0.3
0.658 0.611 0.3 0.0
0.668 0.620 0.3 0.0
0.677 0.628 0.3 0.0
0.687 0.636 0.0 0.3
0.686 0.639 0.3 0.0
0.695 0.647 0.3 0.0
0.705 0.656 0.3 0.0
0.715 0.664 0.0 0.3
0.714 0.667 0.3 0.0
0.723 0.675 0.3 0.0
0.733 0.683 0.3 0.0
0.743 0.691 0.0 0.3
0.741 0.694 0.3 0.0
0.751 0.702 0.3 0.0
0.761 0.710 0.0 0.3
0.760 0.713 0.3 0.0
0.769 0.721 0.3 0.0
0.779 0.729 0.0 0.3
0.778 0.732 0.3 0.0
0.788 0.740 0.3 0.0
0.798 0.748 0.3 0.0
0.807 0.756 0.0 0.3
0.806 0.758 0.3 0.0
0.816 0.766 0.3 0.0
0.826 0.774 0.0 0.3
0.824 0.777 0.3 0.0
0.834 0.784 0.3 0.0
0.844 0.792 0.0 0.3
0.843 0.795 0.3 0.0
0.853 0.802 0.0 0.3
0.851 0.805 0.3 0.0
0.861 0.813 0.3 0.0
0.871 0.820 0.0 0.3
0.870 0.823 0.3 0.0
0.880 0.830 0.3 0.0
0.890 0.837 0.0 0.3
0.888 0.840 0.3 0.0
0.898 0.846 0.0 0.3
0.896 0.849 0.3 0.0
0.202 0.208 0.3 0.0
0.212 0.218 0.3 0.0
0.222 0.228 0.3 0.0
0.232 0.238 0.3 0.0
0.242 0.248 0.3 0.0
0.252 0.258 0.3 0.0
0.262 0.268 0.3 0.0
0.271 0.278 0.3 0.0
0.281 0.288 0.3 0.0
0.291 0.298 0.3 0.0
0.301 0.308 0.3 0.0
0.311 0.318 0.3 0.0
0.321 0.328 0.3 0.0
0.331 0.338 0.3 0.0
0.341 0.348 0.3 0.0
0.351 0.358 0.3 0.0
0.360 0.368 0.3 0.0
0.370 0.378 0.3 0.0
0.380 0.388 0.3 0.0
0.390 0.398 0.3 0.0
0.400 0.408 0.3 0.0
0.410 0.418 0.3 0.0
0.420 0.428 0.3 0.0
0.429 0.438 0.3 0.0
0.439 0.448 0.3 0.0
0.449 0.458 0.3 0.0
0.459 0.468 0.3 0.0
0.469 0.478 0.3 0.0
0.479 0.488 0.3 0.0
0.488 0.498 0.3 0.0
0.498 0.508 0.3 0.0
0.508 0.518 0.3 0.0
0.518 0.528 0.3 0.0
0.528 0.538 0.3 0.0
0.537 0.548 0.3 0.0
0.547 0.558 0.3 0.0
0.557 0.568 0.3 0.0
0.567 0.578 0.3 0.0
0.576 0.588 0.3 0.0
0.586 0.598 0.3 0.0
0.596 0.608 0.3 0.0
0.605 0.618 0.3 0.0
0.615 0.628 0.3 0.0
0.625 0.638 0.3 0.0
0.634 0.648 0.3 0.0
0.644 0.658 0.3 0.0
0.654 0.668 0.3 0.0
0.663 0.678 0.3 0.0
0.673 0.688 0.3 0.0
0.682 0.698 0.3 0.0
0.692 0.708 0.3 0.0
0.701 0.718 0.3 0.0
0.711 0.728 0.3 0.0
0.720 0.738 0.3 0.0
0.729 0.748 0.3 0.0
0.739 0.758 0.3 0.0
0.748 0.768 0.3 0.0
0.757 0.778 0.3 0.0
0.766 0.788 0.3 0.0
0.775 0.798 0.3 0.0
0.784 0.808 0.3 0.0
0.793 0.817 0.3 0.0
0.801 0.827 0.3 0.0
0.810 0.837 0.3 0.0
0.818 0.847 0.3 0.0
0.827 0.857 0.3 0.0
0.835 0.867 0.3 0.0
0.843 0.877 0.3 0.0
0.850 0.887 0.3 0.0
0.220 0.206 0.3 0.0
0.230 0.216 0.3 0.0
0.240 0.225 0.3 0.0
0.250 0.235 0.3 0.0
0.260 0.245 0.3 0.0
0.270 0.255 0.3 0.0
0.280 0.265 0.3 0.0
0.290 0.274 0.3 0.0
0.300 0.284 0.3 0.0
0.310 0.294 0.3 0.0
0.320 0.304 0.3 0.0
0.330 0.313 0.3 0.0
0.340 0.323 0.3 0.0
0.350 0.333 0.3 0.0
0.360 0.342 0.3 0.0
0.370 0.352 0.3 0.0
0.380 0.362 0.3 0.0
0.390 0.372 0.3 0.0
0.400 0.381 0.3 0.0
0.410 0.391 0.3 0.0
0.420 0.401 0.3 0.0
0.430 0.410 0.3 0.0
0.440 0.420 0.3 0.0
0.450 0.429 0.3 0.0
0.460 0.439 0.3 0.0
0.470 0.449 0.3 0.0
0.480 0.458 0.3 0.0
0.490 0.468 0.3 0.0
0.500 0.477 0.3 0.0
0.510 0.487 0.3 0.0
0.520 0.496 0.3 0.0
0.530 0.506 0.3 0.0
0.540 0.515 0.3 0.0
0.550 0.525 0.3 0.0
0.560 0.534 0.3 0.0
0.570 0.544 0.3 0.0
0.580 0.553 0.3 0.0
0.589 0.562 0.3 0.0
0.599 0.572 0.3 0.0
0.609 0.581 0.3 0.0
0.619 0.590 0.3 0.0
0.629 0.599 0.3 0.0
0.639 0.609 0.3 0.0
0.649 0.618 0.3 0.0
0.659 0.627 0.3 0.0
0.669 0.636 0.3 0.0
0.679 0.645 0.3 0.0
0.689 0.654 0.3 0.0
0.699 0.663 0.3 0.0
0.709 0.672 0.3 0.0
0.719 0.680 0.3 0.0
0.728 0.689 0.3 0.0
0.738 0.698 0.3 0.0
0.748 0.706 0.3 0.0
0.758 0.715 0.3 0.0
0.768 0.723 0.3 0.0
0.778 0.731 0.3 0.0
0.788 0.739 0.3 0.0
0.797 0.747 0.0 0.3
0.796 0.750 0.3 0.0
0.806 0.758 0.3 0.0
0.816 0.766 0.0 0.3
0.814 0.768 0.3 0.0
0.824 0.776 0.3 0.0
0.834 0.784 0.0 0.3
0.833 0.787 0.3 0.0
0.843 0.794 0.3 0.0
0.853 0.802 0.0 0.3
0.851 0.805 0.3 0.0
0.861 0.812 0.3 0.0
0.871 0.819 0.0 0.3
0.869 0.822 0.3 0.0
0.879 0.829 0.0 0.3
0.878 0.832 0.3 0.0
0.888 0.839 0.3 0.0
0.898 0.846 0.0 0.3
0.896 0.849 0.3 0.0
0.052 0.019 0.3 0.0
0.062 0.028 0.3 0.0
0.071 0.037 0.3 0.0
0.081 0.047 0.3 0.0
0.091 0.056 0.3 0.0
0.101 0.065 0.3 0.0
0.110 0.075 0.3 0.0
0.120 0.084 0.3 0.0
0.130 0.093 0.3 0.0
0.139 0.103 0.3 0.0
0.149 0.112 0.3 0.0
0.159 0.121 0.3 0.0
0.168 0.130 0.3 0.0
0.178 0.140 0.3 0.0
0.188 0.149 0.3 0.0
0.197 0.158 0.3 0.0
0.207 0.167 0.3 0.0
0.216 0.176 0.3 0.0
0.226 0.186 0.3 0.0
0.236 0.195 0.3 0.0
0.245 0.204 0.3 0.0
0.255 0.213 0.3 0.0
0.264 0.222 0.3 0.0
0.274 0.231 0.3 0.0
0.283 0.240 0.3 0.0
0.293 0.249 0.3 0.0
0.302 0.258 0.3 0.0
0.312 0.267 0.3 0.0
0.321 0.276 0.3 0.0
0.331 0.284 0.3 0.0
0.340 0.293 0.3 0.0
0.350 0.302 0.3 0.0
0.359 0.311 0.3 0.0
0.369 0.320 0.3 0.0
0.378 0.328 0.3 0.0
0.387 0.337 0.0 0.3
0.386 0.340 0.3 0.0
0.396 0.348 0.3 0.0
0.405 0.357 0.3 0.0
0.415 0.366 0.3 0.0
0.424 0.374 0.3 0.0
0.434 0.383 0.0 0.3
0.433 0.386 0.3 0.0
0.442 0.394 0.3 0.0
0.452 0.403 0.3 0.0
0.461 0.412 0.3 0.0
0.470 0.420 0.0 0.3
0.470 0.423 0.3 0.0
0.479 0.432 0.3 0.0
0.489 0.440 0.3 0.0
0.498 0.449 0.3 0.0
0.507 0.458 0.3 0.0
0.517 0.466 0.0 0.3
0.516 0.469 0.3 0.0
0.525 0.478 0.3 0.0
0.535 0.486 0.3 0.0
0.544 0.495 0.3 0.0
0.554 0.503 0.0 0.3
0.553 0.506 0.3 0.0
0.562 0.514 0.3 0.0
0.572 0.523 0.3 0.0
0.582 0.532 0.3 0.0
0.591 0.540 0.0 0.3
0.590 0.543 0.3 0.0
0.600 0.551 0.3 0.0
0.609 0.560 0.3 0.0
0.619 0.568 0.0 0.3
0.618 0.571 0.3 0.0
0.627 0.579 0.3 0.0
0.637 0.588 0.3 0.0
0.646 0.596 0.0 0.3
0.645 0.599 0.3 0.0
0.655 0.607 0.3 0.0
0.665 0.616 0.3 0.0
0.674 0.624 0.3 0.0
0.684 0.633 0.0 0.3
0.683 0.635 0.3 0.0
0.692 0.644 0.3 0.0
0.702 0.652 0.0 0.3
0.701 0.655 0.3 0.0
0.711 0.663 0.3 0.0
0.720 0.671 0.3 0.0
0.730 0.679 0.0 0.3
0.729 0.682 0.3 0.0
0.739 0.690 0.3 0.0
0.748 0.699 0.3 0.0
0.758 0.707 0.0 0.3
0.757 0.709 0.3 0.0
0.767 0.718 0.3 0.0
0.776 0.726 0.0 0.3
0.775 0.728 0.3 0.0
0.785 0.736 0.3 0.0
0.795 0.744 0.0 0.3
0.793 0.747 0.3 0.0
0.803 0.755 0.3 0.0
0.813 0.763 0.0 0.3
0.812 0.766 0.3 0.0
0.822 0.774 0.3 0.0
0.832 0.781 0.0 0.3
0.830 0.784 0.3 0.0
0.840 0.792 0.3 0.0
0.850 0.799 0.0 0.3
0.848 0.802 0.3 0.0
0.858 0.810 0.3 0.0
0.868 0.817 0.0 0.3
0.867 0.820 0.3 0.0
0.877 0.827 0.3 0.0
0.887 0.834 0.0 0.3
0.885 0.837 0.3 0.0
0.895 0.844 0.0 0.3
0.893 0.846 0.3 0.0
0.434 0.450 0.3 0.0
0.444 0.460 0.3 0.0
0.454 0.470 0.3 0.0
0.463 0.480 0.3 0.0
0.473 0.490 0.3 0.0
0.483 0.500 0.3 0.0
0.492 0.510 0.3 0.0
0.502 0.520 0.3 0.0
0.512 0.530 0.3 0.0
0.521 0.540 0.3 0.0
0.531 0.550 0.3 0.0
0.541 0.560 0.3 0.0
0.550 0.570 0.3 0.0
0.560 0.580 0.3 0.0
0.569 0.590 0.3 0.0
0.579 0.600 0.3 0.0
0.588 0.610 0.3 0.0
0.598 0.620 0.3 0.0
0.607 0.630 0.3 0.0
0.616 0.640 0.3 0.0
0.626 0.650 0.3 0.0
0.635 0.660 0.3 0.0
0.644 0.670 0.3 0.0
0.654 0.680 0.3 0.0
0.663 0.690 0.3 0.0
0.672 0.700 0.3 0.0
0.681 0.710 0.3 0.0
0.690 0.720 0.3 0.0
0.699 0.730 0.3 0.0
0.708 0.740 0.3 0.0
0.717 0.750 0.3 0.0
0.726 0.760 0.3 0.0
0.735 0.770 0.3 0.0
0.743 0.780 0.3 0.0
0.752 0.789 0.3 0.0
0.760 0.799 0.3 0.0
0.768 0.809 0.3 0.0
0.777 0.819 0.3 0.0
0.785 0.829 0.3 0.0
0.792 0.839 0.3 0.0
0.800 0.849 0.3 0.0
0.807 0.859 0.0 -0.3
0.810 0.858 0.3 0.0
0.817 0.868 0.0 -0.3
0.820 0.866 0.3 0.0
0.828 0.876 0.3 0.0
0.835 0.886 0.0 -0.3
0.838 0.884 0.3 0.0
0.844 0.894 0.3 0.0
0.406 0.480 0.0 -0.3
0.408 0.480 0.0 -0.3
0.411 0.480 0.0 -0.3
0.414 0.480 0.0 -0.3
0.417 0.479 0.0 -0.3
0.419 0.478 0.0 -0.3
0.422 0.478 0.0 -0.3
0.425 0.477 0.0 -0.3
0.427 0.476 0.3 0.0
0.436 0.486 0.3 0.0
0.445 0.495 0.0 -0.3
0.447 0.494 0.3 0.0
0.456 0.504 0.3 0.0
0.465 0.513 0.3 0.0
0.473 0.523 0.3 0.0
0.482 0.532 0.0 -0.3
0.485 0.531 0.3 0.0
0.493 0.541 0.3 0.0
0.502 0.550 0.3 0.0
0.510 0.560 0.3 0.0
0.519 0.569 0.0 -0.3
0.522 0.568 0.3 0.0
0.530 0.578 0.3 0.0
0.539 0.587 0.3 0.0
0.547 0.597 0.3 0.0
0.556 0.606 0.0 -0.3
0.558 0.605 0.3 0.0
0.567 0.615 0.3 0.0
0.575 0.624 0.3 0.0
0.584 0.634 0.0 -0.3
0.587 0.633 0.3 0.0
0.595 0.643 0.3 0.0
0.604 0.652 0.3 0.0
0.612 0.662 0.3 0.0
0.620 0.671 0.0 -0.3
0.623 0.670 0.3 0.0
0.631 0.680 0.3 0.0
0.640 0.690 0.3 0.0
0.648 0.699 0.0 -0.3
0.651 0.698 0.3 0.0
0.659 0.708 0.3 0.0
0.667 0.717 0.0 -0.3
0.670 0.716 0.3 0.0
0.678 0.726 0.3 0.0
0.686 0.736 0.3 0.0
0.695 0.745 0.0 -0.3
0.697 0.744 0.3 0.0
0.706 0.754 0.3 0.0
0.714 0.764 0.0 -0.3
0.716 0.763 0.3 0.0
0.725 0.772 0.3 0.0
0.733 0.782 0.3 0.0
0.740 0.792 0.0 -0.3
0.743 0.791 0.3 0.0
0.751 0.800 0.3 0.0
0.759 0.810 0.0 -0.3
0.762 0.809 0.3 0.0
0.770 0.819 0.3 0.0
0.777 0.829 0.0 -0.3
0.780 0.827 0.3 0.0
0.788 0.837 0.3 0.0
0.795 0.847 0.0 -0.3
0.798 0.846 0.3 0.0
0.806 0.856 0.0 -0.3
0.808 0.854 0.3 0.0
0.816 0.864 0.3 0.0
0.823 0.874 0.0 -0.3
0.826 0.872 0.3 0.0
0.833 0.882 0.3 0.0
0.840 0.892 0.0 -0.3
0.843 0.891 0.3 0.0
0.472 0.441 0.3 0.0
0.482 0.451 0.3 0.0
0.492 0.460 0.3 0.0
0.502 0.469 0.3 0.0
0.512 0.478 0.3 0.0
0.521 0.487 0.3 0.0
0.531 0.497 0.3 0.0
0.541 0.506 0.3 0.0
0.551 0.515 0.3 0.0
0.561 0.524 0.3 0.0
0.570 0.533 0.3 0.0
0.580 0.542 0.3 0.0
0.590 0.551 0.3 0.0
0.600 0.560 0.3 0.0
0.610 0.569 0.3 0.0
0.619 0.578 0.3 0.0
0.629 0.586 0.3 0.0
0.639 0.595 0.3 0.0
0.648 0.604 0.3 0.0
0.658 0.612 0.3 0.0
0.668 0.621 0.3 0.0
0.678 0.629 0.3 0.0
0.687 0.637 0.3 0.0
0.697 0.646 0.0 0.3
0.696 0.648 0.3 0.0
0.705 0.657 0.3 0.0
0.715 0.665 0.3 0.0
0.725 0.673 0.0 0.3
0.724 0.676 0.3 0.0
0.733 0.684 0.3 0.0
0.743 0.692 0.0 0.3
0.742 0.695 0.3 0.0
0.752 0.703 0.3 0.0
0.761 0.711 0.3 0.0
0.771 0.719 0.0 0.3
0.770 0.722 0.3 0.0
0.780 0.730 0.3 0.0
0.789 0.738 0.0 0.3
0.788 0.741 0.3 0.0
0.798 0.749 0.3 0.0
0.808 0.757 0.0 0.3
0.806 0.759 0.3 0.0
0.816 0.767 0.3 0.0
0.826 0.775 0.0 0.3
0.825 0.778 0.3 0.0
0.835 0.786 0.3 0.0
0.845 0.793 0.0 0.3
0.843 0.796 0.3 0.0
0.853 0.803 0.3 0.0
0.863 0.811 0.0 0.3
0.861 0.814 0.3 0.0
0.871 0.821 0.0 0.3
0.870 0.824 0.3 0.0
0.880 0.831 0.3 0.0
0.890 0.838 0.0 0.3
0.888 0.841 0.3 0.0
0.898 0.848 0.0 0.3
0.896 0.850 0.3 0.0
0.323 0.301 0.3 0.0
0.333 0.311 0.3 0.0
0.343 0.321 0.3 0.0
0.353 0.330 0.3 0.0
0.362 0.340 0.3 0.0
0.372 0.349 0.3 0.0
0.382 0.359 0.3 0.0
0.392 0.369 0.3 0.0
0.402 0.378 0.3 0.0
0.412 0.388 0.3 0.0
0.422 0.397 0.3 0.0
0.432 0.407 0.3 0.0
0.442 0.416 0.3 0.0
0.452 0.426 0.3 0.0
0.462 0.435 0.3 0.0
0.472 0.445 0.3 0.0
0.482 0.454 0.3 0.0
0.492 0.463 0.3 0.0
0.501 0.473 0.3 0.0
0.511 0.482 0.3 0.0
0.521 0.492 0.3 0.0
0.531 0.501 0.3 0.0
0.541 0.510 0.3 0.0
0.551 0.519 0.3 0.0
0.561 0.529 0.3 0.0
0.571 0.538 0.3 0.0
0.581 0.547 0.3 0.0
0.590 0.556 0.3 0.0
0.600 0.565 0.3 0.0
0.610 0.574 0.3 0.0
0.620 0.583 0.3 0.0
0.630 0.592 0.3 0.0
0.640 0.601 0.3 0.0
0.649 0.610 0.3 0.0
0.659 0.619 0.3 0.0
0.669 0.627 0.3 0.0
0.679 0.636 0.3 0.0
0.689 0.645 0.3 0.0
0.698 0.653 0.3 0.0
0.708 0.662 0.3 0.0
0.718 0.670 0.3 0.0
0.728 0.678 0.3 0.0
0.737 0.686 0.0 0.3
0.736 0.689 0.3 0.0
0.746 0.697 0.3 0.0
0.756 0.705 0.0 0.3
0.754 0.708 0.3 0.0
0.764 0.716 0.3 0.0
0.774 0.724 0.3 0.0
0.784 0.732 0.0 0.3
0.782 0.735 0.3 0.0
0.792 0.743 0.3 0.0
0.802 0.751 0.0 0.3
0.801 0.754 0.3 0.0
0.811 0.762 0.3 0.0
0.820 0.769 0.0 0.3
0.819 0.772 0.3 0.0
0.829 0.780 0.3 0.0
0.839 0.788 0.0 0.3
0.837 0.790 0.3 0.0
0.847 0.798 0.3 0.0
0.857 0.805 0.0 0.3
0.856 0.808 0.3 0.0
0.866 0.816 0.0 0.3
0.864 0.818 0.3 0.0
0.874 0.826 0.3 0.0
0.884 0.833 0.0 0.3
0.882 0.836 0.3 0.0
0.892 0.843 0.3 0.0
0.106 0.165 0.0 -0.3
0.108 0.165 0.0 -0.3
0.111 0.164 0.0 -0.3
0.114 0.163 0.3 0.0
0.123 0.172 0.3 0.0
0.131 0.182 0.0 -0.3
0.134 0.181 0.3 0.0
0.143 0.190 0.3 0.0
0.152 0.200 0.3 0.0
0.160 0.209 0.3 0.0
0.169 0.218 0.3 0.0
0.178 0.228 0.3 0.0
0.187 0.237 0.0 -0.3
0.189 0.236 0.3 0.0
0.198 0.246 0.3 0.0
0.207 0.255 0.3 0.0
0.216 0.264 0.3 0.0
0.225 0.274 0.3 0.0
0.233 0.283 0.3 0.0
0.242 0.292 0.0 -0.3
0.245 0.292 0.3 0.0
0.254 0.301 0.3 0.0
0.262 0.310 0.3 0.0
0.271 0.320 0.3 0.0
0.280 0.329 0.3 0.0
0.289 0.338 0.3 0.0
0.297 0.348 0.0 -0.3
0.300 0.347 0.3 0.0
0.309 0.356 0.3 0.0
0.317 0.366 0.3 0.0
0.326 0.375 0.3 0.0
0.335 0.385 0.3 0.0
0.343 0.394 0.0 -0.3
0.346 0.393 0.3 0.0
0.355 0.402 0.3 0.0
0.364 0.412 0.3 0.0
0.372 0.421 0.3 0.0
0.381 0.431 0.3 0.0
0.390 0.440 0.0 -0.3
0.392 0.439 0.3 0.0
0.401 0.449 0.3 0.0
0.410 0.458 0.3 0.0
0.418 0.468 0.3 0.0
0.427 0.477 0.0 -0.3
0.430 0.476 0.3 0.0
0.438 0.486 0.3 0.0
0.447 0.495 0.3 0.0
0.456 0.505 0.3 0.0
0.464 0.514 0.3 0.0
0.473 0.523 0.0 -0.3
0.475 0.523 0.3 0.0
0.484 0.532 0.3 0.0
0.493 0.542 0.3 0.0
0.501 0.551 0.3 0.0
0.510 0.560 0.0 -0.3
0.512 0.560 0.3 0.0
0.521 0.569 0.3 0.0
0.529 0.579 0.3 0.0
0.538 0.588 0.0 -0.3
0.541 0.587 0.3 0.0
0.549 0.597 0.3 0.0
0.558 0.606 0.3 0.0
0.566 0.616 0.3 0.0
0.575 0.625 0.0 -0.3
0.577 0.624 0.3 0.0
0.586 0.634 0.3 0.0
0.594 0.644 0.3 0.0
0.603 0.653 0.0 -0.3
0.605 0.652 0.3 0.0
0.614 0.662 0.3 0.0
0.622 0.671 0.3 0.0
0.631 0.681 0.0 -0.3
0.633 0.680 0.3 0.0
0.642 0.689 0.3 0.0
0.650 0.699 0.3 0.0
0.658 0.709 0.0 -0.3
0.661 0.708 0.3 0.0
0.669 0.717 0.3 0.0
0.678 0.727 0.3 0.0
0.686 0.737 0.0 -0.3
0.688 0.736 0.3 0.0
0.697 0.745 0.3 0.0
0.705 0.755 0.0 -0.3
0.707 0.754 0.3 0.0
0.716 0.764 0.3 0.0
0.724 0.773 0.3 0.0
0.732 0.783 0.0 -0.3
0.734 0.782 0.3 0.0
0.742 0.792 0.3 0.0
0.750 0.802 0.0 -0.3
0.753 0.800 0.3 0.0
0.761 0.810 0.3 0.0
0.769 0.820 0.0 -0.3
0.772 0.819 0.3 0.0
0.779 0.828 0.3 0.0
0.787 0.838 0.0 -0.3
0.790 0.837 0.3 0.0
0.797 0.847 0.3 0.0
0.805 0.857 0.0 -0.3
0.808 0.855 0.3 0.0
0.815 0.865 0.0 -0.3
0.818 0.864 0.3 0.0
0.825 0.874 0.3 0.0
0.832 0.884 0.0 -0.3
0.835 0.882 0.3 0.0
0.842 0.892 0.3 0.0
0.648 0.568 0.0 0.3
0.648 0.571 0.0 0.3
0.648 0.574 0.0 0.3
0.647 0.577 0.0 0.3
0.647 0.580 0.0 0.3
0.646 0.583 0.0 0.3
0.646 0.585 0.0 0.3
0.645 0.588 0.0 0.3
0.644 0.591 0.0 0.3
0.643 0.594 0.3 0.0
0.653 0.602 0.0 0.3
0.652 0.605 0.3 0.0
0.661 0.613 0.3 0.0
0.671 0.621 0.3 0.0
0.681 0.630 0.0 0.3
0.679 0.632 0.3 0.0
0.689 0.641 0.3 0.0
0.699 0.649 0.3 0.0
0.708 0.657 0.0 0.3
0.707 0.660 0.3 0.0
0.717 0.668 0.3 0.0
0.727 0.677 0.3 0.0
0.736 0.685 0.0 0.3
0.735 0.688 0.3 0.0
0.745 0.696 0.3 0.0
0.755 0.704 0.0 0.3
0.753 0.707 0.3 0.0
0.763 0.715 0.3 0.0
0.773 0.723 0.0 0.3
0.772 0.726 0.3 0.0
0.782 0.734 0.3 0.0
0.791 0.742 0.3 0.0
0.801 0.749 0.0 0.3
0.800 0.752 0.3 0.0
0.810 0.760 0.3 0.0
0.820 0.768 0.0 0.3
0.818 0.771 0.3 0.0
0.828 0.778 0.3 0.0
0.838 0.786 0.0 0.3
0.837 0.789 0.3 0.0
0.846 0.796 0.0 0.3
0.845 0.799 0.3 0.0
0.855 0.807 0.3 0.0
0.865 0.814 0.0 0.3
0.863 0.817 0.3 0.0
0.873 0.824 0.3 0.0
0.883 0.831 0.0 0.3
0.882 0.834 0.3 0.0
0.892 0.841 0.0 0.3
0.890 0.844 0.3 0.0
0.521 0.469 0.0 0.3
0.520 0.472 0.3 0.0
0.529 0.480 0.3 0.0
0.539 0.489 0.0 0.3
0.538 0.491 0.3 0.0
0.547 0.500 0.3 0.0
0.557 0.509 0.3 0.0
0.566 0.517 0.3 0.0
0.576 0.526 0.0 0.3
0.575 0.528 0.3 0.0
0.585 0.537 0.3 0.0
0.594 0.546 0.3 0.0
0.604 0.554 0.3 0.0
0.613 0.562 0.0 0.3
0.612 0.565 0.3 0.0
0.622 0.574 0.3 0.0
0.631 0.582 0.3 0.0
0.641 0.591 0.0 0.3
0.640 0.593 0.3 0.0
0.649 0.602 0.3 0.0
0.659 0.610 0.3 0.0
0.669 0.619 0.0 0.3
0.668 0.621 0.3 0.0
0.677 0.630 0.3 0.0
0.687 0.638 0.3 0.0
0.697 0.646 0.0 0.3
0.695 0.649 0.3 0.0
0.705 0.657 0.3 0.0
0.715 0.666 0.3 0.0
0.724 0.674 0.0 0.3
0.723 0.677 0.3 0.0
0.733 0.685 0.3 0.0
0.743 0.693 0.3 0.0
0.752 0.701 0.0 0.3
0.751 0.704 0.3 0.0
0.761 0.712 0.3 0.0
0.771 0.720 0.0 0.3
0.770 0.723 0.3 0.0
0.779 0.731 0.3 0.0
0.789 0.739 0.0 0.3
0.788 0.742 0.3 0.0
0.798 0.750 0.3 0.0
0.808 0.758 0.3 0.0
0.817 0.765 0.0 0.3
0.816 0.768 0.3 0.0
0.826 0.776 0.0 0.3
0.825 0.779 0.3 0.0
0.834 0.786 0.3 0.0
0.844 0.794 0.0 0.3
0.843 0.797 0.3 0.0
0.853 0.804 0.3 0.0
0.863 0.812 0.0 0.3
0.861 0.815 0.3 0.0
0.871 0.822 0.3 0.0
0.881 0.829 0.0 0.3
0.879 0.832 0.3 0.0
0.889 0.839 0.0 0.3
0.888 0.842 0.3 0.0
0.898 0.849 0.3 0.0
0.585 0.473 0.0 0.3
0.586 0.476 0.0 0.3
0.588 0.478 0.0 0.3
0.589 0.481 0.0 0.3
0.590 0.484 0.0 0.3
0.592 0.486 0.0 0.3
0.593 0.489 0.0 0.3
0.594 0.492 0.0 0.3
0.594 0.495 0.0 0.3
0.595 0.498 0.0 0.3
0.596 0.500 0.0 0.3
0.596 0.503 0.0 0.3
0.597 0.506 0.0 0.3
0.597 0.509 0.0 0.3
0.598 0.512 0.0 0.3
0.598 0.515 0.0 0.3
0.598 0.518 0.0 0.3
0.598 0.520 0.0 0.3
0.598 0.523 0.0 0.3
0.597 0.526 0.0 0.3
0.597 0.529 0.0 0.3
0.596 0.532 0.0 0.3
0.596 0.534 0.0 0.3
0.595 0.537 0.0 0.3
0.594 0.540 0.0 0.3
0.593 0.543 0.0 0.3
0.592 0.545 0.3 0.0
0.602 0.554 0.3 0.0
0.612 0.562 0.3 0.0
0.621 0.571 0.0 0.3
0.620 0.573 0.3 0.0
0.630 0.582 0.3 0.0
0.639 0.590 0.3 0.0
0.649 0.599 0.0 0.3
0.648 0.602 0.3 0.0
0.657 0.610 0.3 0.0
0.667 0.618 0.3 0.0
0.677 0.627 0.3 0.0
0.686 0.635 0.0 0.3
0.685 0.638 0.3 0.0
0.695 0.646 0.3 0.0
0.705 0.654 0.0 0.3
0.703 0.657 0.3 0.0
0.713 0.666 0.3 0.0
0.723 0.674 0.3 0.0
0.732 0.682 0.0 0.3
0.731 0.685 0.3 0.0
0.741 0.693 0.3 0.0
0.751 0.701 0.3 0.0
0.761 0.709 0.0 0.3
0.759 0.712 0.3 0.0
0.769 0.720 0.3 0.0
0.779 0.728 0.0 0.3
0.778 0.731 0.3 0.0
0.787 0.739 0.3 0.0
0.797 0.747 0.0 0.3
0.796 0.750 0.3 0.0
0.806 0.758 0.3 0.0
0.816 0.765 0.0 0.3
0.814 0.768 0.3 0.0
0.824 0.776 0.3 0.0
0.834 0.784 0.0 0.3
0.833 0.786 0.3 0.0
0.843 0.794 0.3 0.0
0.852 0.802 0.0 0.3
0.851 0.804 0.3 0.0
0.861 0.812 0.3 0.0
0.871 0.819 0.0 0.3
0.869 0.822 0.3 0.0
0.879 0.829 0.0 0.3
0.878 0.832 0.3 0.0
0.888 0.839 0.3 0.0
0.898 0.846 0.0 0.3
0.896 0.849 0.3 0.0
0.117 0.206 0.0 -0.3
0.120 0.206 0.0 -0.3
0.123 0.206 0.0 -0.3
0.126 0.207 0.0 -0.3
0.129 0.207 0.0 -0.3
0.132 0.207 0.0 -0.3
0.134 0.207 0.0 -0.3
0.137 0.206 0.0 -0.3
0.140 0.206 0.0 -0.3
0.143 0.206 0.0 -0.3
0.145 0.205 0.0 -0.3
0.148 0.205 0.0 -0.3
0.151 0.204 0.0 -0.3
0.153 0.203 0.3 0.0
0.162 0.213 0.0 -0.3
0.165 0.212 0.3 0.0
0.174 0.221 0.3 0.0
0.183 0.230 0.3 0.0
0.191 0.240 0.3 0.0
0.200 0.249 0.3 0.0
0.209 0.259 0.3 0.0
0.218 0.268 0.0 -0.3
0.220 0.267 0.3 0.0
0.229 0.276 0.3 0.0
0.238 0.286 0.3 0.0
0.247 0.295 0.3 0.0
0.255 0.305 0.3 0.0
0.264 0.314 0.3 0.0
0.273 0.323 0.0 -0.3
0.275 0.322 0.3 0.0
0.284 0.332 0.3 0.0
0.293 0.341 0.3 0.0
0.302 0.351 0.3 0.0
0.310 0.360 0.3 0.0
0.319 0.369 0.0 -0.3
0.322 0.368 0.3 0.0
0.331 0.378 0.3 0.0
0.339 0.387 0.3 0.0
0.348 0.397 0.3 0.0
0.357 0.406 0.3 0.0
0.365 0.416 0.0 -0.3
0.368 0.415 0.3 0.0
0.377 0.424 0.3 0.0
0.386 0.434 0.3 0.0
0.394 0.443 0.3 0.0
0.403 0.452 0.3 0.0
0.411 0.462 0.0 -0.3
0.414 0.461 0.3 0.0
0.423 0.470 0.3 0.0
0.432 0.480 0.3 0.0
0.440 0.489 0.3 0.0
0.449 0.499 0.0 -0.3
0.451 0.498 0.3 0.0
0.460 0.507 0.3 0.0
0.469 0.517 0.3 0.0
0.477 0.526 0.3 0.0
0.486 0.536 0.3 0.0
0.494 0.545 0.0 -0.3
0.497 0.544 0.3 0.0
0.506 0.554 0.3 0.0
0.514 0.563 0.3 0.0
0.523 0.573 0.0 -0.3
0.526 0.572 0.3 0.0
0.534 0.582 0.3 0.0
0.543 0.591 0.3 0.0
0.551 0.601 0.3 0.0
0.560 0.610 0.0 -0.3
0.562 0.609 0.3 0.0
0.571 0.619 0.3 0.0
0.579 0.628 0.3 0.0
0.588 0.638 0.0 -0.3
0.590 0.637 0.3 0.0
0.599 0.646 0.3 0.0
0.607 0.656 0.3 0.0
0.616 0.666 0.3 0.0
0.624 0.675 0.0 -0.3
0.627 0.674 0.3 0.0
0.635 0.684 0.3 0.0
0.644 0.693 0.3 0.0
0.652 0.703 0.0 -0.3
0.655 0.702 0.3 0.0
0.663 0.712 0.3 0.0
0.671 0.721 0.0 -0.3
0.674 0.720 0.3 0.0
0.682 0.730 0.3 0.0
0.690 0.740 0.3 0.0
0.698 0.749 0.0 -0.3
0.701 0.748 0.3 0.0
0.709 0.758 0.3 0.0
0.717 0.768 0.0 -0.3
0.720 0.766 0.3 0.0
0.728 0.776 0.3 0.0
0.736 0.786 0.3 0.0
0.744 0.796 0.0 -0.3
0.747 0.795 0.3 0.0
0.755 0.804 0.3 0.0
0.763 0.814 0.0 -0.3
0.765 0.813 0.3 0.0
0.773 0.823 0.3 0.0
0.781 0.833 0.0 -0.3
0.784 0.831 0.3 0.0
0.791 0.841 0.3 0.0
0.799 0.851 0.0 -0.3
0.802 0.850 0.3 0.0
0.809 0.860 0.0 -0.3
0.812 0.858 0.3 0.0
0.819 0.868 0.3 0.0
0.826 0.878 0.0 -0.3
0.829 0.876 0.3 0.0
0.836 0.886 0.3 0.0
0.843 0.896 0.0 -0.3
0.846 0.894 0.3 0.0
0.195 0.243 0.3 0.0
0.204 0.253 0.3 0.0
0.212 0.262 0.3 0.0
0.221 0.271 0.0 -0.3
0.224 0.270 0.3 0.0
0.233 0.280 0.3 0.0
0.241 0.289 0.3 0.0
0.250 0.299 0.3 0.0
0.259 0.308 0.3 0.0
0.268 0.317 0.3 0.0
0.276 0.327 0.0 -0.3
0.279 0.326 0.3 0.0
0.288 0.335 0.3 0.0
0.297 0.345 0.3 0.0
0.305 0.354 0.3 0.0
0.314 0.363 0.3 0.0
0.323 0.373 0.0 -0.3
0.325 0.372 0.3 0.0
0.334 0.381 0.3 0.0
0.343 0.391 0.3 0.0
0.352 0.400 0.3 0.0
0.360 0.410 0.3 0.0
0.369 0.419 0.0 -0.3
0.372 0.418 0.3 0.0
0.380 0.428 0.3 0.0
0.389 0.437 0.3 0.0
0.398 0.447 0.3 0.0
0.407 0.456 0.3 0.0
0.415 0.465 0.0 -0.3
0.418 0.464 0.3 0.0
0.426 0.474 0.3 0.0
0.435 0.483 0.3 0.0
0.444 0.493 0.3 0.0
0.452 0.502 0.3 0.0
0.461 0.512 0.0 -0.3
0.464 0.511 0.3 0.0
0.472 0.520 0.3 0.0
0.481 0.530 0.3 0.0
0.489 0.539 0.3 0.0
0.498 0.549 0.0 -0.3
0.501 0.548 0.3 0.0
0.509 0.557 0.3 0.0
0.518 0.567 0.3 0.0
0.526 0.576 0.0 -0.3
0.529 0.575 0.3 0.0
0.538 0.585 0.3 0.0
0.546 0.595 0.3 0.0
0.555 0.604 0.3 0.0
0.563 0.614 0.0 -0.3
0.566 0.613 0.3 0.0
0.574 0.622 0.3 0.0
0.583 0.632 0.3 0.0
0.591 0.641 0.0 -0.3
0.594 0.640 0.3 0.0
0.602 0.650 0.3 0.0
0.611 0.660 0.3 0.0
0.619 0.669 0.3 0.0
0.628 0.679 0.0 -0.3
0.630 0.678 0.3 0.0
0.639 0.687 0.3 0.0
0.647 0.697 0.0 -0.3
0.650 0.696 0.3 0.0
0.658 0.706 0.3 0.0
0.666 0.715 0.3 0.0
0.675 0.725 0.0 -0.3
0.677 0.724 0.3 0.0
0.686 0.733 0.3 0.0
0.694 0.743 0.3 0.0
0.702 0.753 0.0 -0.3
0.705 0.752 0.3 0.0
0.713 0.761 0.3 0.0
0.721 0.771 0.0 -0.3
0.724 0.770 0.3 0.0
0.732 0.780 0.3 0.0
0.740 0.790 0.0 -0.3
0.742 0.788 0.3 0.0
0.750 0.798 0.3 0.0
0.758 0.808 0.3 0.0
0.766 0.818 0.0 -0.3
0.769 0.816 0.3 0.0
0.777 0.826 0.3 0.0
0.784 0.836 0.0 -0.3
0.787 0.835 0.3 0.0
0.795 0.845 0.0 -0.3
0.797 0.843 0.3 0.0
0.805 0.853 0.3 0.0
0.812 0.863 0.0 -0.3
0.815 0.862 0.3 0.0
0.822 0.872 0.3 0.0
0.830 0.882 0.0 -0.3
0.832 0.880 0.3 0.0
0.839 0.890 0.0 -0.3
0.842 0.888 0.3 0.0
0.849 0.898 0.3 0.0
0.232 0.188 0.3 0.0
0.242 0.197 0.3 0.0
0.251 0.206 0.3 0.0
0.261 0.215 0.3 0.0
0.270 0.224 0.3 0.0
0.280 0.233 0.3 0.0
0.289 0.242 0.3 0.0
0.298 0.250 0.3 0.0
0.308 0.259 0.3 0.0
0.317 0.268 0.3 0.0
0.326 0.277 0.3 0.0
0.336 0.285 0.0 0.3
0.335 0.288 0.3 0.0
0.344 0.297 0.3 0.0
0.354 0.305 0.3 0.0
0.363 0.314 0.3 0.0
0.373 0.323 0.3 0.0
0.382 0.332 0.0 0.3
0.381 0.334 0.3 0.0
0.390 0.343 0.3 0.0
0.400 0.352 0.3 0.0
0.409 0.360 0.3 0.0
0.419 0.369 0.3 0.0
0.428 0.378 0.0 0.3
0.427 0.380 0.3 0.0
0.437 0.389 0.3 0.0
0.446 0.398 0.3 0.0
0.456 0.406 0.3 0.0
0.465 0.415 0.3 0.0
0.474 0.424 0.0 0.3
0.474 0.426 0.3 0.0
0.483 0.435 0.3 0.0
0.492 0.444 0.3 0.0
0.502 0.452 0.3 0.0
0.511 0.461 0.0 0.3
0.510 0.463 0.3 0.0
0.520 0.472 0.3 0.0
0.529 0.481 0.3 0.0
0.539 0.489 0.3 0.0
0.548 0.498 0.0 0.3
0.547 0.501 0.3 0.0
0.557 0.509 0.3 0.0
0.566 0.518 0.3 0.0
0.576 0.526 0.3 0.0
0.585 0.535 0.0 0.3
0.584 0.537 0.3 0.0
0.594 0.546 0.3 0.0
0.604 0.555 0.3 0.0
0.613 0.563 0.0 0.3
0.612 0.566 0.3 0.0
0.622 0.574 0.3 0.0
0.631 0.583 0.3 0.0
0.641 0.591 0.3 0.0
0.650 0.599 0.0 0.3
0.649 0.602 0.3 0.0
0.659 0.611 0.3 0.0
0.669 0.619 0.3 0.0
0.678 0.627 0.0 0.3
0.677 0.630 0.3 0.0
0.687 0.638 0.3 0.0
0.696 0.647 0.3 0.0
0.706 0.655 0.0 0.3
0.705 0.658 0.3 0.0
0.715 0.666 0.3 0.0
0.724 0.674 0.0 0.3
0.723 0.677 0.3 0.0
0.733 0.685 0.3 0.0
0.743 0.693 0.3 0.0
0.752 0.702 0.0 0.3
0.751 0.704 0.3 0.0
0.761 0.712 0.3 0.0
0.771 0.721 0.0 0.3
0.769 0.723 0.3 0.0
0.779 0.731 0.3 0.0
0.789 0.739 0.3 0.0
0.799 0.747 0.0 0.3
0.798 0.750 0.3 0.0
0.807 0.758 0.3 0.0
0.817 0.766 0.0 0.3
0.816 0.768 0.3 0.0
0.826 0.776 0.3 0.0
0.836 0.784 0.0 0.3
0.834 0.787 0.3 0.0
0.844 0.794 0.3 0.0
0.854 0.802 0.0 0.3
0.853 0.805 0.3 0.0
0.863 0.812 0.0 0.3
0.861 0.815 0.3 0.0
0.871 0.822 0.3 0.0
0.881 0.829 0.0 0.3
0.879 0.832 0.3 0.0
0.889 0.839 0.0 0.3
0.887 0.842 0.3 0.0
0.897 0.849 0.3 0.0
0.343 0.234 0.0 0.3
0.344 0.237 0.0 0.3
0.345 0.240 0.0 0.3
0.346 0.243 0.0 0.3
0.347 0.245 0.0 0.3
0.348 0.248 0.0 0.3
0.349 0.251 0.0 0.3
0.350 0.254 0.0 0.3
0.350 0.257 0.0 0.3
0.351 0.260 0.0 0.3
0.352 0.262 0.0 0.3
0.352 0.265 0.0 0.3
0.352 0.268 0.0 0.3
0.352 0.271 0.0 0.3
0.352 0.274 0.0 0.3
0.352 0.277 0.0 0.3
0.352 0.279 0.0 0.3
0.352 0.282 0.0 0.3
0.352 0.285 0.0 0.3
0.351 0.288 0.0 0.3
0.351 0.291 0.0 0.3
0.350 0.293 0.0 0.3
0.350 0.296 0.0 0.3
0.349 0.299 0.0 0.3
0.348 0.301 0.3 0.0
0.357 0.310 0.3 0.0
0.367 0.319 0.3 0.0
0.376 0.328 0.3 0.0
0.386 0.336 0.3 0.0
0.395 0.345 0.0 0.3
0.394 0.348 0.3 0.0
0.404 0.356 0.3 0.0
0.413 0.365 0.3 0.0
0.423 0.374 0.3 0.0
0.432 0.382 0.3 0.0
0.441 0.391 0.0 0.3
0.440 0.394 0.3 0.0
0.450 0.402 0.3 0.0
0.459 0.411 0.3 0.0
0.469 0.420 0.3 0.0
0.478 0.428 0.3 0.0
0.488 0.437 0.0 0.3
0.487 0.440 0.3 0.0
0.496 0.448 0.3 0.0
0.506 0.457 0.3 0.0
0.515 0.466 0.3 0.0
0.525 0.474 0.0 0.3
0.524 0.477 0.3 0.0
0.533 0.485 0.3 0.0
0.543 0.494 0.3 0.0
0.552 0.503 0.3 0.0
0.562 0.511 0.0 0.3
0.561 0.514 0.3 0.0
0.570 0.522 0.3 0.0
0.580 0.531 0.3 0.0
0.589 0.540 0.3 0.0
0.599 0.548 0.0 0.3
0.598 0.551 0.3 0.0
0.607 0.559 0.3 0.0
0.617 0.568 0.3 0.0
0.627 0.576 0.0 0.3
0.625 0.579 0.3 0.0
0.635 0.587 0.3 0.0
0.645 0.596 0.3 0.0
0.654 0.604 0.0 0.3
0.653 0.607 0.3 0.0
0.663 0.615 0.3 0.0
0.673 0.624 0.3 0.0
0.682 0.632 0.0 0.3
0.681 0.635 0.3 0.0
0.691 0.643 0.3 0.0
0.700 0.652 0.3 0.0
0.710 0.660 0.0 0.3
0.709 0.663 0.3 0.0
0.719 0.671 0.3 0.0
0.728 0.679 0.3 0.0
0.738 0.687 0.0 0.3
0.737 0.690 0.3 0.0
0.747 0.698 0.3 0.0
0.756 0.706 0.3 0.0
0.766 0.714 0.0 0.3
0.765 0.717 0.3 0.0
0.775 0.725 0.3 0.0
0.784 0.733 0.0 0.3
0.783 0.736 0.3 0.0
0.793 0.744 0.3 0.0
0.803 0.752 0.0 0.3
0.801 0.755 0.3 0.0
0.811 0.762 0.3 0.0
0.821 0.770 0.0 0.3
0.820 0.773 0.3 0.0
0.830 0.781 0.3 0.0
0.840 0.788 0.0 0.3
0.838 0.791 0.3 0.0
0.848 0.799 0.3 0.0
0.858 0.806 0.0 0.3
0.856 0.809 0.3 0.0
0.866 0.816 0.0 0.3
0.865 0.819 0.3 0.0
0.875 0.827 0.3 0.0
0.885 0.834 0.0 0.3
0.883 0.836 0.3 0.0
0.893 0.843 0.3 0.0
0.078 0.186 0.0 -0.3
0.081 0.187 0.0 -0.3
0.083 0.188 0.0 -0.3
0.086 0.190 0.0 -0.3
0.089 0.191 0.0 -0.3
0.092 0.192 0.0 -0.3
0.094 0.193 0.0 -0.3
0.097 0.193 0.0 -0.3
0.100 0.194 0.0 -0.3
0.103 0.195 0.0 -0.3
0.106 0.195 0.0 -0.3
0.109 0.196 0.0 -0.3
0.112 0.196 0.0 -0.3
0.114 0.196 0.0 -0.3
0.117 0.196 0.0 -0.3
0.120 0.196 0.0 -0.3
0.123 0.196 0.0 -0.3
0.126 0.196 0.0 -0.3
0.128 0.196 0.0 -0.3
0.131 0.196 0.0 -0.3
0.134 0.195 0.0 -0.3
0.137 0.195 0.0 -0.3
0.139 0.194 0.0 -0.3
0.142 0.193 0.0 -0.3
0.145 0.192 0.3 0.0
0.153 0.202 0.3 0.0
0.162 0.211 0.3 0.0
0.171 0.220 0.3 0.0
0.180 0.230 0.0 -0.3
0.182 0.229 0.3 0.0
0.191 0.238 0.3 0.0
0.200 0.248 0.3 0.0
0.209 0.257 0.3 0.0
0.218 0.266 0.3 0.0
0.226 0.276 0.3 0.0
0.235 0.285 0.0 -0.3
0.238 0.284 0.3 0.0
0.247 0.294 0.3 0.0
0.255 0.303 0.3 0.0
0.264 0.313 0.3 0.0
0.273 0.322 0.3 0.0
0.282 0.331 0.3 0.0
0.290 0.341 0.0 -0.3
0.293 0.340 0.3 0.0
0.302 0.349 0.3 0.0
0.311 0.359 0.3 0.0
0.319 0.368 0.3 0.0
0.328 0.377 0.3 0.0
0.337 0.387 0.0 -0.3
0.339 0.386 0.3 0.0
0.348 0.395 0.3 0.0
0.357 0.405 0.3 0.0
0.366 0.414 0.3 0.0
0.374 0.424 0.3 0.0
0.383 0.433 0.0 -0.3
0.386 0.432 0.3 0.0
0.394 0.442 0.3 0.0
0.403 0.451 0.3 0.0
0.412 0.461 0.3 0.0
0.420 0.470 0.3 0.0
0.429 0.479 0.0 -0.3
0.432 0.479 0.3 0.0
0.440 0.488 0.3 0.0
0.449 0.497 0.3 0.0
0.458 0.507 0.3 0.0
0.466 0.516 0.0 -0.3
0.469 0.515 0.3 0.0
0.478 0.525 0.3 0.0
0.486 0.535 0.3 0.0
0.495 0.544 0.3 0.0
0.503 0.553 0.0 -0.3
0.506 0.553 0.3 0.0
0.515 0.562 0.3 0.0
0.523 0.572 0.3 0.0
0.532 0.581 0.3 0.0
0.540 0.591 0.0 -0.3
0.543 0.590 0.3 0.0
0.551 0.599 0.3 0.0
0.560 0.609 0.3 0.0
0.568 0.618 0.3 0.0
0.577 0.628 0.0 -0.3
0.580 0.627 0.3 0.0
0.588 0.636 0.3 0.0
0.596 0.646 0.3 0.0
0.605 0.656 0.0 -0.3
0.607 0.655 0.3 0.0
0.616 0.664 0.3 0.0
0.624 0.674 0.3 0.0
0.633 0.683 0.0 -0.3
0.635 0.682 0.3 0.0
0.644 0.692 0.3 0.0
0.652 0.702 0.3 0.0
0.660 0.711 0.0 -0.3
0.663 0.710 0.3 0.0
0.671 0.720 0.3 0.0
0.680 0.730 0.0 -0.3
0.682 0.728 0.3 0.0
0.691 0.738 0.3 0.0
0.699 0.748 0.3 0.0
0.707 0.758 0.0 -0.3
0.710 0.756 0.3 0.0
0.718 0.766 0.3 0.0
0.726 0.776 0.0 -0.3
0.728 0.775 0.3 0.0
0.737 0.784 0.3 0.0
0.745 0.794 0.3 0.0
0.752 0.804 0.0 -0.3
0.755 0.803 0.3 0.0
0.763 0.813 0.3 0.0
0.771 0.822 0.0 -0.3
0.774 0.821 0.3 0.0
0.781 0.831 0.3 0.0
0.789 0.841 0.0 -0.3
0.792 0.839 0.3 0.0
0.799 0.849 0.0 -0.3
0.802 0.848 0.3 0.0
0.809 0.858 0.3 0.0
0.817 0.868 0.0 -0.3
0.820 0.866 0.3 0.0
0.827 0.876 0.3 0.0
0.834 0.886 0.0 -0.3
0.837 0.884 0.3 0.0
0.844 0.894 0.0 -0.3
0.846 0.893 0.3 0.0
0.059 0.128 0.0 -0.3
0.062 0.127 0.0 -0.3
0.065 0.127 0.0 -0.3
0.068 0.127 0.0 -0.3
0.070 0.126 0.0 -0.3
0.073 0.125 0.0 -0.3
0.076 0.125 0.3 0.0
0.084 0.134 0.3 0.0
0.093 0.143 0.3 0.0
0.102 0.152 0.0 -0.3
0.105 0.152 0.3 0.0
0.114 0.161 0.3 0.0
0.122 0.170 0.3 0.0
0.131 0.180 0.3 0.0
0.140 0.189 0.3 0.0
0.149 0.198 0.3 0.0
0.158 0.208 0.0 -0.3
0.160 0.207 0.3 0.0
0.169 0.216 0.3 0.0
0.178 0.226 0.3 0.0
0.187 0.235 0.3 0.0
0.195 0.244 0.3 0.0
0.204 0.254 0.3 0.0
0.213 0.263 0.0 -0.3
0.216 0.262 0.3 0.0
0.224 0.272 0.3 0.0
0.233 0.281 0.3 0.0
0.242 0.290 0.3 0.0
0.251 0.300 0.3 0.0
0.260 0.309 0.3 0.0
0.268 0.318 0.0 -0.3
0.271 0.318 0.3 0.0
0.280 0.327 0.3 0.0
0.289 0.336 0.3 0.0
0.297 0.346 0.3 0.0
0.306 0.355 0.3 0.0
0.315 0.365 0.3 0.0
0.323 0.374 0.0 -0.3
0.326 0.373 0.3 0.0
0.335 0.383 0.3 0.0
0.344 0.392 0.3 0.0
0.352 0.401 0.3 0.0
0.361 0.411 0.3 0.0
0.370 0.420 0.0 -0.3
0.372 0.419 0.3 0.0
0.381 0.429 0.3 0.0
0.390 0.438 0.3 0.0
0.398 0.448 0.3 0.0
0.407 0.457 0.0 -0.3
0.410 0.456 0.3 0.0
0.418 0.466 0.3 0.0
0.427 0.475 0.3 0.0
0.436 0.485 0.3 0.0
0.444 0.494 0.3 0.0
0.453 0.503 0.0 -0.3
0.456 0.502 0.3 0.0
0.464 0.512 0.3 0.0
0.473 0.521 0.3 0.0
0.481 0.531 0.3 0.0
0.490 0.540 0.0 -0.3
0.493 0.539 0.3 0.0
0.501 0.549 0.3 0.0
0.510 0.558 0.3 0.0
0.518 0.568 0.3 0.0
0.527 0.577 0.0 -0.3
0.530 0.576 0.3 0.0
0.538 0.586 0.3 0.0
0.547 0.596 0.3 0.0
0.555 0.605 0.3 0.0
0.564 0.615 0.0 -0.3
0.566 0.614 0.3 0.0
0.575 0.623 0.3 0.0
0.583 0.633 0.3 0.0
0.592 0.642 0.0 -0.3
0.594 0.641 0.3 0.0
0.603 0.651 0.3 0.0
0.611 0.661 0.3 0.0
0.620 0.670 0.0 -0.3
0.622 0.669 0.3 0.0
0.631 0.679 0.3 0.0
0.639 0.688 0.3 0.0
0.647 0.698 0.0 -0.3
0.650 0.697 0.3 0.0
0.658 0.707 0.3 0.0
0.667 0.716 0.3 0.0
0.675 0.726 0.0 -0.3
0.678 0.725 0.3 0.0
0.686 0.734 0.3 0.0
0.694 0.744 0.0 -0.3
0.697 0.743 0.3 0.0
0.705 0.753 0.3 0.0
0.713 0.763 0.3 0.0
0.721 0.772 0.0 -0.3
0.724 0.771 0.3 0.0
0.732 0.781 0.3 0.0
0.740 0.791 0.0 -0.3
0.743 0.789 0.3 0.0
0.751 0.799 0.3 0.0
0.758 0.809 0.0 -0.3
0.761 0.808 0.3 0.0
0.769 0.818 0.3 0.0
0.777 0.827 0.0 -0.3
0.780 0.826 0.3 0.0
0.787 0.836 0.3 0.0
0.795 0.846 0.0 -0.3
0.798 0.844 0.3 0.0
0.805 0.854 0.3 0.0
0.813 0.864 0.0 -0.3
0.815 0.863 0.3 0.0
0.823 0.873 0.0 -0.3
0.825 0.871 0.3 0.0
0.833 0.881 0.3 0.0
0.840 0.891 0.0 -0.3
0.843 0.889 0.3 0.0
0.849 0.899 0.3 0.0
0.547 0.562 0.3 0.0
0.557 0.572 0.3 0.0
0.566 0.582 0.3 0.0
0.576 0.592 0.3 0.0
0.585 0.602 0.3 0.0
0.595 0.612 0.3 0.0
0.605 0.622 0.3 0.0
0.614 0.632 0.3 0.0
0.624 0.642 0.3 0.0
0.633 0.652 0.3 0.0
0.643 0.662 0.3 0.0
0.652 0.672 0.3 0.0
0.661 0.682 0.3 0.0
0.671 0.692 0.3 0.0
0.680 0.702 0.3 0.0
0.689 0.712 0.3 0.0
0.699 0.722 0.3 0.0
0.708 0.732 0.3 0.0
0.717 0.742 0.3 0.0
0.726 0.752 0.3 0.0
0.735 0.762 0.3 0.0
0.744 0.772 0.3 0.0
0.753 0.782 0.3 0.0
0.762 0.792 0.3 0.0
0.770 0.802 0.3 0.0
0.779 0.812 0.3 0.0
0.787 0.822 0.3 0.0
0.795 0.832 0.3 0.0
0.804 0.842 0.3 0.0
0.812 0.852 0.3 0.0
0.819 0.862 0.3 0.0
0.827 0.872 0.3 0.0
0.834 0.882 0.3 0.0
0.841 0.892 0.0 -0.3
0.844 0.891 0.3 0.0
0.204 0.162 0.3 0.0
0.214 0.171 0.3 0.0
0.223 0.180 0.3 0.0
0.233 0.189 0.3 0.0
0.242 0.198 0.3 0.0
0.252 0.207 0.3 0.0
0.261 0.216 0.3 0.0
0.271 0.225 0.3 0.0
0.280 0.233 0.3 0.0
0.290 0.242 0.3 0.0
0.299 0.251 0.3 0.0
0.308 0.260 0.3 0.0
0.318 0.269 0.3 0.0
0.327 0.277 0.3 0.0
0.337 0.286 0.0 0.3
0.336 0.289 0.3 0.0
0.345 0.297 0.3 0.0
0.355 0.306 0.3 0.0
0.364 0.315 0.3 0.0
0.373 0.324 0.3 0.0
0.383 0.332 0.0 0.3
0.382 0.335 0.3 0.0
0.391 0.344 0.3 0.0
0.401 0.352 0.3 0.0
0.410 0.361 0.3 0.0
0.419 0.370 0.3 0.0
0.429 0.378 0.0 0.3
0.428 0.381 0.3 0.0
0.437 0.390 0.3 0.0
0.447 0.398 0.3 0.0
0.456 0.407 0.3 0.0
0.466 0.416 0.3 0.0
0.475 0.424 0.0 0.3
0.474 0.427 0.3 0.0
0.484 0.436 0.3 0.0
0.493 0.444 0.3 0.0
0.503 0.453 0.3 0.0
0.512 0.461 0.0 0.3
0.511 0.464 0.3 0.0
0.521 0.473 0.3 0.0
0.530 0.481 0.3 0.0
0.540 0.490 0.3 0.0
0.549 0.499 0.0 0.3
0.548 0.501 0.3 0.0
0.558 0.510 0.3 0.0
0.567 0.518 0.3 0.0
0.577 0.527 0.3 0.0
0.586 0.535 0.0 0.3
0.585 0.538 0.3 0.0
0.595 0.547 0.3 0.0
0.604 0.555 0.3 0.0
0.614 0.564 0.0 0.3
0.613 0.566 0.3 0.0
0.622 0.575 0.3 0.0
0.632 0.583 0.3 0.0
0.642 0.592 0.3 0.0
0.651 0.600 0.0 0.3
0.650 0.603 0.3 0.0
0.660 0.611 0.3 0.0
0.669 0.620 0.3 0.0
0.679 0.628 0.0 0.3
0.678 0.631 0.3 0.0
0.688 0.639 0.3 0.0
0.697 0.647 0.3 0.0
0.707 0.656 0.0 0.3
0.706 0.658 0.3 0.0
0.715 0.667 0.3 0.0
0.725 0.675 0.0 0.3
0.724 0.678 0.3 0.0
0.734 0.686 0.3 0.0
0.743 0.694 0.3 0.0
0.753 0.702 0.0 0.3
0.752 0.705 0.3 0.0
0.762 0.713 0.3 0.0
0.771 0.721 0.0 0.3
0.770 0.724 0.3 0.0
0.780 0.732 0.3 0.0
0.790 0.740 0.3 0.0
0.800 0.748 0.0 0.3
0.798 0.751 0.3 0.0
0.808 0.758 0.3 0.0
0.818 0.766 0.0 0.3
0.817 0.769 0.3 0.0
0.826 0.777 0.3 0.0
0.836 0.784 0.0 0.3
0.835 0.787 0.3 0.0
0.845 0.795 0.0 0.3
0.843 0.797 0.3 0.0
0.853 0.805 0.3 0.0
0.863 0.812 0.0 0.3
0.862 0.815 0.3 0.0
0.872 0.823 0.3 0.0
0.882 0.830 0.0 0.3
0.880 0.833 0.3 0.0
0.890 0.840 0.0 0.3
0.888 0.842 0.3 0.0
0.898 0.849 0.3 0.0
0.480 0.478 0.3 0.0
0.490 0.488 0.3 0.0
0.500 0.498 0.3 0.0
0.510 0.508 0.3 0.0
0.520 0.518 0.3 0.0
0.530 0.528 0.3 0.0
0.540 0.537 0.3 0.0
0.550 0.547 0.3 0.0
0.559 0.557 0.3 0.0
0.569 0.567 0.3 0.0
0.579 0.577 0.3 0.0
0.589 0.587 0.3 0.0
0.599 0.597 0.3 0.0
0.609 0.607 0.3 0.0
0.619 0.616 0.3 0.0
0.629 0.626 0.3 0.0
0.639 0.636 0.3 0.0
0.649 0.646 0.3 0.0
0.659 0.656 0.3 0.0
0.669 0.666 0.3 0.0
0.678 0.675 0.3 0.0
0.688 0.685 0.3 0.0
0.698 0.695 0.3 0.0
0.708 0.705 0.3 0.0
0.718 0.714 0.3 0.0
0.728 0.724 0.3 0.0
0.737 0.734 0.3 0.0
0.747 0.743 0.3 0.0
0.757 0.753 0.3 0.0
0.767 0.763 0.3 0.0
0.777 0.772 0.3 0.0
0.786 0.782 0.3 0.0
0.796 0.791 0.3 0.0
0.806 0.801 0.3 0.0
0.815 0.810 0.3 0.0
0.825 0.819 0.3 0.0
0.835 0.829 0.3 0.0
0.844 0.838 0.3 0.0
0.854 0.847 0.3 0.0
0.863 0.856 0.3 0.0
0.872 0.865 0.3 0.0
0.303 0.411 0.0 -0.3
0.305 0.412 0.0 -0.3
0.308 0.413 0.0 -0.3
0.311 0.414 0.0 -0.3
0.314 0.415 0.0 -0.3
0.316 0.416 0.0 -0.3
0.319 0.417 0.0 -0.3
0.322 0.418 0.0 -0.3
0.325 0.419 0.0 -0.3
0.328 0.419 0.0 -0.3
0.331 0.420 0.0 -0.3
0.334 0.420 0.0 -0.3
0.336 0.420 0.0 -0.3
0.339 0.420 0.0 -0.3
0.342 0.420 0.0 -0.3
0.345 0.420 0.0 -0.3
0.348 0.420 0.0 -0.3
0.350 0.420 0.0 -0.3
0.353 0.420 0.0 -0.3
0.356 0.419 0.0 -0.3
0.359 0.419 0.0 -0.3
0.361 0.418 0.0 -0.3
0.364 0.417 0.0 -0.3
0.367 0.416 0.3 0.0
0.375 0.426 0.0 -0.3
0.378 0.425 0.3 0.0
0.387 0.434 0.3 0.0
0.396 0.444 0.3 0.0
0.404 0.453 0.3 0.0
0.413 0.463 0.3 0.0
0.421 0.472 0.0 -0.3
0.424 0.471 0.3 0.0
0.433 0.481 0.3 0.0
0.442 0.490 0.3 0.0
0.450 0.500 0.3 0.0
0.459 0.509 0.0 -0.3
0.461 0.508 0.3 0.0
0.470 0.518 0.3 0.0
0.479 0.527 0.3 0.0
0.487 0.537 0.3 0.0
0.496 0.546 0.0 -0.3
0.498 0.545 0.3 0.0
0.507 0.555 0.3 0.0
0.516 0.564 0.3 0.0
0.524 0.574 0.3 0.0
0.533 0.583 0.0 -0.3
0.535 0.582 0.3 0.0
0.544 0.592 0.3 0.0
0.553 0.601 0.3 0.0
0.561 0.611 0.3 0.0
0.569 0.620 0.0 -0.3
0.572 0.619 0.3 0.0
0.581 0.629 0.3 0.0
0.589 0.639 0.3 0.0
0.597 0.648 0.0 -0.3
0.600 0.647 0.3 0.0
0.609 0.657 0.3 0.0
0.617 0.666 0.3 0.0
0.625 0.676 0.0 -0.3
0.628 0.675 0.3 0.0
0.636 0.684 0.3 0.0
0.645 0.694 0.3 0.0
0.653 0.704 0.0 -0.3
0.656 0.703 0.3 0.0
0.664 0.712 0.3 0.0
0.672 0.722 0.3 0.0
0.680 0.732 0.0 -0.3
0.683 0.731 0.3 0.0
0.691 0.740 0.3 0.0
0.700 0.750 0.0 -0.3
0.702 0.749 0.3 0.0
0.711 0.759 0.3 0.0
0.719 0.768 0.3 0.0
0.727 0.778 0.0 -0.3
0.729 0.777 0.3 0.0
0.737 0.787 0.3 0.0
0.745 0.796 0.0 -0.3
0.748 0.795 0.3 0.0
0.756 0.805 0.3 0.0
0.764 0.815 0.0 -0.3
0.767 0.813 0.3 0.0
0.774 0.823 0.3 0.0
0.782 0.833 0.0 -0.3
0.785 0.832 0.3 0.0
0.792 0.842 0.3 0.0
0.800 0.852 0.0 -0.3
0.803 0.850 0.3 0.0
0.810 0.860 0.3 0.0
0.817 0.870 0.0 -0.3
0.820 0.869 0.3 0.0
0.827 0.878 0.0 -0.3
0.830 0.877 0.3 0.0
0.837 0.887 0.3 0.0
0.844 0.897 0.0 -0.3
0.847 0.895 0.3 0.0
0.319 0.240 0.0 0.3
0.319 0.243 0.0 0.3
0.319 0.246 0.0 0.3
0.319 0.248 0.0 0.3
0.319 0.251 0.0 0.3
0.318 0.254 0.0 0.3
0.318 0.257 0.0 0.3
0.317 0.259 0.0 0.3
0.317 0.262 0.0 0.3
0.316 0.265 0.0 0.3
0.315 0.267 0.3 0.0
0.324 0.276 0.3 0.0
0.334 0.285 0.3 0.0
0.343 0.294 0.3 0.0
0.353 0.302 0.0 0.3
0.352 0.305 0.3 0.0
0.361 0.314 0.3 0.0
0.371 0.323 0.3 0.0
0.380 0.331 0.3 0.0
0.389 0.340 0.3 0.0
0.399 0.349 0.3 0.0
0.408 0.357 0.0 0.3
0.407 0.360 0.3 0.0
0.417 0.369 0.3 0.0
0.426 0.377 0.3 0.0
0.436 0.386 0.3 0.0
0.445 0.395 0.0 0.3
0.444 0.397 0.3 0.0
0.454 0.406 0.3 0.0
0.463 0.415 0.3 0.0
0.472 0.424 0.3 0.0
0.482 0.432 0.3 0.0
0.491 0.441 0.0 0.3
0.490 0.443 0.3 0.0
0.500 0.452 0.3 0.0
0.509 0.461 0.3 0.0
0.519 0.469 0.3 0.0
0.528 0.478 0.0 0.3
0.527 0.481 0.3 0.0
0.537 0.489 0.3 0.0
0.546 0.498 0.3 0.0
0.556 0.506 0.3 0.0
0.565 0.515 0.0 0.3
0.564 0.518 0.3 0.0
0.574 0.526 0.3 0.0
0.583 0.535 0.3 0.0
0.593 0.543 0.3 0.0
0.603 0.552 0.0 0.3
0.602 0.554 0.3 0.0
0.611 0.563 0.3 0.0
0.621 0.571 0.3 0.0
0.630 0.580 0.0 0.3
0.629 0.583 0.3 0.0
0.639 0.591 0.3 0.0
0.648 0.599 0.3 0.0
0.658 0.608 0.0 0.3
0.657 0.611 0.3 0.0
0.667 0.619 0.3 0.0
0.676 0.627 0.3 0.0
0.686 0.636 0.0 0.3
0.685 0.638 0.3 0.0
0.694 0.647 0.3 0.0
0.704 0.655 0.3 0.0
0.714 0.664 0.0 0.3
0.713 0.666 0.3 0.0
0.722 0.675 0.3 0.0
0.732 0.683 0.3 0.0
0.742 0.691 0.0 0.3
0.741 0.694 0.3 0.0
0.750 0.702 0.3 0.0
0.760 0.710 0.0 0.3
0.759 0.713 0.3 0.0
0.769 0.721 0.3 0.0
0.778 0.729 0.3 0.0
0.788 0.737 0.0 0.3
0.787 0.740 0.3 0.0
0.797 0.748 0.3 0.0
0.807 0.755 0.0 0.3
0.805 0.758 0.3 0.0
0.815 0.766 0.3 0.0
0.825 0.774 0.0 0.3
0.824 0.777 0.3 0.0
0.833 0.784 0.3 0.0
0.843 0.792 0.0 0.3
0.842 0.795 0.3 0.0
0.852 0.802 0.3 0.0
0.862 0.810 0.0 0.3
0.860 0.812 0.3 0.0
0.870 0.820 0.0 0.3
0.869 0.823 0.3 0.0
0.879 0.830 0.3 0.0
0.889 0.837 0.0 0.3
0.887 0.840 0.3 0.0
0.897 0.847 0.0 0.3
0.895 0.849 0.3 0.0
0.120 0.178 0.0 -0.3
0.122 0.177 0.0 -0.3
0.125 0.177 0.0 -0.3
0.128 0.176 0.3 0.0
0.136 0.185 0.3 0.0
0.145 0.195 0.3 0.0
0.154 0.204 0.3 0.0
0.163 0.213 0.0 -0.3
0.165 0.212 0.3 0.0
0.174 0.222 0.3 0.0
0.183 0.231 0.3 0.0
0.192 0.241 0.3 0.0
0.201 0.250 0.3 0.0
0.209 0.259 0.3 0.0
0.218 0.269 0.0 -0.3
0.221 0.268 0.3 0.0
0.229 0.277 0.3 0.0
0.238 0.286 0.3 0.0
0.247 0.296 0.3 0.0
0.256 0.305 0.3 0.0
0.265 0.315 0.0 -0.3
0.267 0.314 0.3 0.0
0.276 0.323 0.3 0.0
0.285 0.333 0.3 0.0
0.294 0.342 0.3 0.0
0.302 0.351 0.3 0.0
0.311 0.361 0.3 0.0
0.320 0.370 0.0 -0.3
0.322 0.369 0.3 0.0
0.331 0.379 0.3 0.0
0.340 0.388 0.3 0.0
0.349 0.397 0.3 0.0
0.357 0.407 0.3 0.0
0.366 0.416 0.0 -0.3
0.369 0.415 0.3 0.0
0.377 0.425 0.3 0.0
0.386 0.434 0.3 0.0
0.395 0.444 0.3 0.0
0.403 0.453 0.3 0.0
0.412 0.463 0.0 -0.3
0.415 0.462 0.3 0.0
0.423 0.471 0.3 0.0
0.432 0.481 0.3 0.0
0.441 0.490 0.3 0.0
0.449 0.499 0.0 -0.3
0.452 0.499 0.3 0.0
0.460 0.508 0.3 0.0
0.469 0.518 0.3 0.0
0.478 0.527 0.3 0.0
0.486 0.536 0.0 -0.3
0.489 0.536 0.3 0.0
0.498 0.545 0.3 0.0
0.506 0.555 0.3 0.0
0.515 0.564 0.3 0.0
0.523 0.574 0.0 -0.3
0.526 0.573 0.3 0.0
0.535 0.582 0.3 0.0
0.543 0.592 0.3 0.0
0.552 0.601 0.3 0.0
0.560 0.611 0.0 -0.3
0.563 0.610 0.3 0.0
0.571 0.619 0.3 0.0
0.580 0.629 0.3 0.0
0.588 0.638 0.0 -0.3
0.591 0.637 0.3 0.0
0.599 0.647 0.3 0.0
0.608 0.657 0.3 0.0
0.616 0.666 0.0 -0.3
0.619 0.665 0.3 0.0
0.627 0.675 0.3 0.0
0.636 0.685 0.3 0.0
0.644 0.694 0.0 -0.3
0.647 0.693 0.3 0.0
0.655 0.703 0.3 0.0
0.663 0.712 0.3 0.0
0.672 0.722 0.0 -0.3
0.674 0.721 0.3 0.0
0.683 0.731 0.3 0.0
0.691 0.740 0.3 0.0
0.699 0.750 0.0 -0.3
0.702 0.749 0.3 0.0
0.710 0.759 0.3 0.0
0.718 0.768 0.0 -0.3
0.721 0.767 0.3 0.0
0.729 0.777 0.3 0.0
0.737 0.787 0.0 -0.3
0.739 0.785 0.3 0.0
0.748 0.795 0.3 0.0
0.755 0.805 0.3 0.0
0.763 0.815 0.0 -0.3
0.766 0.814 0.3 0.0
0.774 0.824 0.3 0.0
0.781 0.833 0.0 -0.3
0.784 0.832 0.3 0.0
0.792 0.842 0.0 -0.3
0.795 0.840 0.3 0.0
0.802 0.850 0.3 0.0
0.810 0.860 0.0 -0.3
0.812 0.859 0.3 0.0
0.820 0.869 0.3 0.0
0.827 0.879 0.0 -0.3
0.830 0.877 0.3 0.0
0.837 0.887 0.0 -0.3
0.840 0.885 0.3 0.0
0.847 0.895 0.3 0.0
